% # columns="iteration, evaluation, min 25%tile 75%tile max correlation, correlation matrix principal axes lengths  (sorted square roots of eigenvalues of correlation matrix)", seed=467878, Sat Apr  4 01:43:29 2026
1 32 -0.08193869992962394 -0.014254921998157177 0.017990648001653856 0.05514596942014377 0.908033345468841 0.9281915696543293 0.9450922416662022 0.9682860181492151 0.9764912203013155 0.9857634180138629 0.9940677138370656 1.001507095718528 1.0126787026686603 1.0184563954687713 1.025752019095758 1.0330672725698917 1.0404763065811693 1.0452468488985454 1.0997310102554962
2 64 -0.08193869992962394 -0.014254921998157177 0.017990648001653856 0.05514596942014377 0.908033345468841 0.9281915696543293 0.9450922416662022 0.9682860181492151 0.9764912203013155 0.9857634180138629 0.9940677138370656 1.001507095718528 1.0126787026686603 1.0184563954687713 1.025752019095758 1.0330672725698917 1.0404763065811693 1.0452468488985454 1.0997310102554962
3 96 -0.08193869992962394 -0.014254921998157177 0.017990648001653856 0.05514596942014377 0.908033345468841 0.9281915696543293 0.9450922416662022 0.9682860181492151 0.9764912203013155 0.9857634180138629 0.9940677138370656 1.001507095718528 1.0126787026686603 1.0184563954687713 1.025752019095758 1.0330672725698917 1.0404763065811693 1.0452468488985454 1.0997310102554962
11 352 -0.08193869992962394 -0.014254921998157177 0.017990648001653856 0.05514596942014377 0.908033345468841 0.9281915696543293 0.9450922416662022 0.9682860181492151 0.9764912203013155 0.9857634180138629 0.9940677138370656 1.001507095718528 1.0126787026686603 1.0184563954687713 1.025752019095758 1.0330672725698917 1.0404763065811693 1.0452468488985454 1.0997310102554962
21 672 -0.08193869992962394 -0.014254921998157177 0.017990648001653856 0.05514596942014377 0.908033345468841 0.9281915696543293 0.9450922416662022 0.9682860181492151 0.9764912203013155 0.9857634180138629 0.9940677138370656 1.001507095718528 1.0126787026686603 1.0184563954687713 1.025752019095758 1.0330672725698917 1.0404763065811693 1.0452468488985454 1.0997310102554962
31 992 -0.2942217086955708 -0.06660926783794431 0.08911584399813194 0.25351625945672274 0.6323377189374967 0.6525010765563412 0.7361926319205404 0.7805298597152921 0.8328556284761135 0.8636242245516521 0.9002264700671305 0.9503423787298745 0.9923198934882645 1.0272899735522645 1.1521798659067104 1.1795771598876459 1.1881585514849917 1.3430969568702509 1.376792253188616
41 1312 -0.2942217086955708 -0.06660926783794431 0.08911584399813194 0.25351625945672274 0.6323377189374967 0.6525010765563412 0.7361926319205404 0.7805298597152921 0.8328556284761135 0.8636242245516521 0.9002264700671305 0.9503423787298745 0.9923198934882645 1.0272899735522645 1.1521798659067104 1.1795771598876459 1.1881585514849917 1.3430969568702509 1.376792253188616
51 1632 -0.2942217086955708 -0.06660926783794431 0.08911584399813194 0.25351625945672274 0.6323377189374967 0.6525010765563412 0.7361926319205404 0.7805298597152921 0.8328556284761135 0.8636242245516521 0.9002264700671305 0.9503423787298745 0.9923198934882645 1.0272899735522645 1.1521798659067104 1.1795771598876459 1.1881585514849917 1.3430969568702509 1.376792253188616
61 1952 -0.3174032711946724 -0.11366694111271348 0.15512037648521287 0.5038239052788589 0.5159673974636041 0.553336350588137 0.6422363469007931 0.7130084158345003 0.7828176623179756 0.8200024057237941 0.8412619870371454 0.9249246600109171 0.9647828069300264 0.9958917872729319 1.089118458176228 1.1550116963465216 1.2228745438211055 1.4212981296698357 1.6431632090908714
71 2272 -0.3174032711946724 -0.11366694111271348 0.15512037648521287 0.5038239052788589 0.5159673974636041 0.553336350588137 0.6422363469007931 0.7130084158345003 0.7828176623179756 0.8200024057237941 0.8412619870371454 0.9249246600109171 0.9647828069300264 0.9958917872729319 1.089118458176228 1.1550116963465216 1.2228745438211055 1.4212981296698357 1.6431632090908714
81 2592 -0.3174032711946724 -0.11366694111271348 0.15512037648521287 0.5038239052788589 0.5159673974636041 0.553336350588137 0.6422363469007931 0.7130084158345003 0.7828176623179756 0.8200024057237941 0.8412619870371454 0.9249246600109171 0.9647828069300264 0.9958917872729319 1.089118458176228 1.1550116963465216 1.2228745438211055 1.4212981296698357 1.6431632090908714
91 2912 -0.4080192088954809 -0.13420207881433482 0.12748723660604405 0.3346795903812599 0.5120871622442904 0.529128350509923 0.6348504402344312 0.6400137030060049 0.7239375000977961 0.7618112020362158 0.8185005737934219 0.8723303673985029 0.9708864818955113 1.0248590739653456 1.1176414173911384 1.1768877307841619 1.314036141434351 1.4840725925105336 1.5979630292584737
101 3232 -0.4080192088954809 -0.13420207881433482 0.12748723660604405 0.3346795903812599 0.5120871622442904 0.529128350509923 0.6348504402344312 0.6400137030060049 0.7239375000977961 0.7618112020362158 0.8185005737934219 0.8723303673985029 0.9708864818955113 1.0248590739653456 1.1176414173911384 1.1768877307841619 1.314036141434351 1.4840725925105336 1.5979630292584737
111 3552 -0.4080192088954809 -0.13420207881433482 0.12748723660604405 0.3346795903812599 0.5120871622442904 0.529128350509923 0.6348504402344312 0.6400137030060049 0.7239375000977961 0.7618112020362158 0.8185005737934219 0.8723303673985029 0.9708864818955113 1.0248590739653456 1.1176414173911384 1.1768877307841619 1.314036141434351 1.4840725925105336 1.5979630292584737
121 3872 -0.3875319588874112 -0.16640703071282625 0.12457463281839821 0.4539373871071516 0.4204496054559804 0.5515066786942903 0.564788266765962 0.6296665852127995 0.6900960874056564 0.7324666477820022 0.8389485851765032 0.9221361273025885 0.9681102830513855 1.0362335207329771 1.1159990671161593 1.1688596864427416 1.363694780402944 1.5133112830564999 1.56977964837285
131 4192 -0.3875319588874112 -0.16640703071282625 0.12457463281839821 0.4539373871071516 0.4204496054559804 0.5515066786942903 0.564788266765962 0.6296665852127995 0.6900960874056564 0.7324666477820022 0.8389485851765032 0.9221361273025885 0.9681102830513855 1.0362335207329771 1.1159990671161593 1.1688596864427416 1.363694780402944 1.5133112830564999 1.56977964837285
141 4512 -0.3875319588874112 -0.16640703071282625 0.12457463281839821 0.4539373871071516 0.4204496054559804 0.5515066786942903 0.564788266765962 0.6296665852127995 0.6900960874056564 0.7324666477820022 0.8389485851765032 0.9221361273025885 0.9681102830513855 1.0362335207329771 1.1159990671161593 1.1688596864427416 1.363694780402944 1.5133112830564999 1.56977964837285
151 4832 -0.749025609956318 -0.1329939362640026 0.12812780650963468 0.531357850535965 0.39159702357337356 0.450013467329092 0.4994450861441938 0.5126582155770185 0.5953275747118464 0.6505140447230077 0.8507903485695841 0.8810829577316422 0.9555004242275081 1.0352521682392406 1.1260008338023078 1.2307910596081901 1.3627456298085137 1.5485745089094956 1.6827149750257269
161 5152 -0.749025609956318 -0.1329939362640026 0.12812780650963468 0.531357850535965 0.39159702357337356 0.450013467329092 0.4994450861441938 0.5126582155770185 0.5953275747118464 0.6505140447230077 0.8507903485695841 0.8810829577316422 0.9555004242275081 1.0352521682392406 1.1260008338023078 1.2307910596081901 1.3627456298085137 1.5485745089094956 1.6827149750257269
171 5472 -0.749025609956318 -0.1329939362640026 0.12812780650963468 0.531357850535965 0.39159702357337356 0.450013467329092 0.4994450861441938 0.5126582155770185 0.5953275747118464 0.6505140447230077 0.8507903485695841 0.8810829577316422 0.9555004242275081 1.0352521682392406 1.1260008338023078 1.2307910596081901 1.3627456298085137 1.5485745089094956 1.6827149750257269
181 5792 -0.8969450519036677 -0.14669989121794869 0.1547312521122573 0.7650130792324111 0.21793268143145372 0.3444024419571063 0.38036291817628987 0.43116866830419437 0.514232875181889 0.5888110983907208 0.6897022513395903 0.7673491770172673 0.878470286916776 0.948407297381192 1.1312144401053583 1.2243873654962212 1.453484983245576 1.6111689835659875 1.9155210655779127
191 6112 -0.8969450519036677 -0.14669989121794869 0.1547312521122573 0.7650130792324111 0.21793268143145372 0.3444024419571063 0.38036291817628987 0.43116866830419437 0.514232875181889 0.5888110983907208 0.6897022513395903 0.7673491770172673 0.878470286916776 0.948407297381192 1.1312144401053583 1.2243873654962212 1.453484983245576 1.6111689835659875 1.9155210655779127
201 6432 -0.8969450519036677 -0.14669989121794869 0.1547312521122573 0.7650130792324111 0.21793268143145372 0.3444024419571063 0.38036291817628987 0.43116866830419437 0.514232875181889 0.5888110983907208 0.6897022513395903 0.7673491770172673 0.878470286916776 0.948407297381192 1.1312144401053583 1.2243873654962212 1.453484983245576 1.6111689835659875 1.9155210655779127
211 6752 -0.949386169337593 -0.19762212723018263 0.17886762019553865 0.7809180828364293 0.14850930891049927 0.25483739737857125 0.301835809104986 0.3978156400760059 0.4600814646750228 0.4841440373569876 0.6448107252408679 0.7180884502746449 0.8736857113437263 0.9604653257674247 1.0572140306846298 1.1803298859056637 1.4119412926350647 1.6023637343597237 2.127977957729429
221 7072 -0.949386169337593 -0.19762212723018263 0.17886762019553865 0.7809180828364293 0.14850930891049927 0.25483739737857125 0.301835809104986 0.3978156400760059 0.4600814646750228 0.4841440373569876 0.6448107252408679 0.7180884502746449 0.8736857113437263 0.9604653257674247 1.0572140306846298 1.1803298859056637 1.4119412926350647 1.6023637343597237 2.127977957729429
231 7392 -0.949386169337593 -0.19762212723018263 0.17886762019553865 0.7809180828364293 0.14850930891049927 0.25483739737857125 0.301835809104986 0.3978156400760059 0.4600814646750228 0.4841440373569876 0.6448107252408679 0.7180884502746449 0.8736857113437263 0.9604653257674247 1.0572140306846298 1.1803298859056637 1.4119412926350647 1.6023637343597237 2.127977957729429
241 7712 -0.9353048514518147 -0.18281962606711707 0.16446556579928343 0.7616655955719833 0.1477784754316049 0.2562460605981583 0.30588942114732304 0.36075034496147473 0.4384887766262123 0.47116518923097617 0.6294777493786271 0.6478772209785512 0.8240168626919744 0.9247504317302909 1.0907319681232246 1.1626459847131358 1.4344466818484525 1.6303722118419635 2.16036438149155
251 8032 -0.9353048514518147 -0.18281962606711707 0.16446556579928343 0.7616655955719833 0.1477784754316049 0.2562460605981583 0.30588942114732304 0.36075034496147473 0.4384887766262123 0.47116518923097617 0.6294777493786271 0.6478772209785512 0.8240168626919744 0.9247504317302909 1.0907319681232246 1.1626459847131358 1.4344466818484525 1.6303722118419635 2.16036438149155
261 8352 -0.9353048514518147 -0.18281962606711707 0.16446556579928343 0.7616655955719833 0.1477784754316049 0.2562460605981583 0.30588942114732304 0.36075034496147473 0.4384887766262123 0.47116518923097617 0.6294777493786271 0.6478772209785512 0.8240168626919744 0.9247504317302909 1.0907319681232246 1.1626459847131358 1.4344466818484525 1.6303722118419635 2.16036438149155
271 8672 -0.9544721815264031 -0.19819769854808705 0.17939250348745173 0.7447534637130175 0.1197204906451416 0.2312191803808636 0.30696396481514404 0.3775108491652874 0.43785770695041176 0.4841843641060241 0.6261947349248631 0.7083819407216606 0.8044878003587299 0.8819809336298134 1.1152596053368602 1.2611682884487605 1.4379799175606947 1.6492134672240337 2.080445374616669
281 8992 -0.9544721815264031 -0.19819769854808705 0.17939250348745173 0.7447534637130175 0.1197204906451416 0.2312191803808636 0.30696396481514404 0.3775108491652874 0.43785770695041176 0.4841843641060241 0.6261947349248631 0.7083819407216606 0.8044878003587299 0.8819809336298134 1.1152596053368602 1.2611682884487605 1.4379799175606947 1.6492134672240337 2.080445374616669
291 9312 -0.9544721815264031 -0.19819769854808705 0.17939250348745173 0.7447534637130175 0.1197204906451416 0.2312191803808636 0.30696396481514404 0.3775108491652874 0.43785770695041176 0.4841843641060241 0.6261947349248631 0.7083819407216606 0.8044878003587299 0.8819809336298134 1.1152596053368602 1.2611682884487605 1.4379799175606947 1.6492134672240337 2.080445374616669
301 9632 -0.9594749979435786 -0.2187374548705061 0.24318672630007754 0.771184564751932 0.11478105269870477 0.22201299550748016 0.29777543915062543 0.32868239121327664 0.4114052634060017 0.4874290458534862 0.5400410538748577 0.6557042709292094 0.74702056110128 0.893595889923896 1.1208342796546178 1.1995313532893006 1.533667082772446 1.6186930746326191 2.1420548880021775
311 9952 -0.9594749979435786 -0.2187374548705061 0.24318672630007754 0.771184564751932 0.11478105269870477 0.22201299550748016 0.29777543915062543 0.32868239121327664 0.4114052634060017 0.4874290458534862 0.5400410538748577 0.6557042709292094 0.74702056110128 0.893595889923896 1.1208342796546178 1.1995313532893006 1.533667082772446 1.6186930746326191 2.1420548880021775
321 10272 -0.9594749979435786 -0.2187374548705061 0.24318672630007754 0.771184564751932 0.11478105269870477 0.22201299550748016 0.29777543915062543 0.32868239121327664 0.4114052634060017 0.4874290458534862 0.5400410538748577 0.6557042709292094 0.74702056110128 0.893595889923896 1.1208342796546178 1.1995313532893006 1.533667082772446 1.6186930746326191 2.1420548880021775
331 10592 -0.9704759046527742 -0.24863053915406297 0.24056687289207174 0.836217226321023 0.08525893037230141 0.16406189108473307 0.23621531331648116 0.29399988107822667 0.38953378913204895 0.44501862873586373 0.5162032100737395 0.6202514316347173 0.6443811818432981 0.8769245283719574 1.0862637052390063 1.2075176788716657 1.3692351420989606 1.7547913741934504 2.2463828929302214
341 10912 -0.9704759046527742 -0.24863053915406297 0.24056687289207174 0.836217226321023 0.08525893037230141 0.16406189108473307 0.23621531331648116 0.29399988107822667 0.38953378913204895 0.44501862873586373 0.5162032100737395 0.6202514316347173 0.6443811818432981 0.8769245283719574 1.0862637052390063 1.2075176788716657 1.3692351420989606 1.7547913741934504 2.2463828929302214
351 11232 -0.9704759046527742 -0.24863053915406297 0.24056687289207174 0.836217226321023 0.08525893037230141 0.16406189108473307 0.23621531331648116 0.29399988107822667 0.38953378913204895 0.44501862873586373 0.5162032100737395 0.6202514316347173 0.6443811818432981 0.8769245283719574 1.0862637052390063 1.2075176788716657 1.3692351420989606 1.7547913741934504 2.2463828929302214
361 11552 -0.968019339698112 -0.2033419328787335 0.3238556219470419 0.7705780675077976 0.08145699919998235 0.15494736831778103 0.2755593602202074 0.3369771562811058 0.37277143908517296 0.41435201272920796 0.4961904911940445 0.5582275529135022 0.7210720262004447 0.8129819278871949 0.8605276528914845 1.2228978966270267 1.5028092805307547 1.632212951587585 2.3605028961756327
371 11872 -0.968019339698112 -0.2033419328787335 0.3238556219470419 0.7705780675077976 0.08145699919998235 0.15494736831778103 0.2755593602202074 0.3369771562811058 0.37277143908517296 0.41435201272920796 0.4961904911940445 0.5582275529135022 0.7210720262004447 0.8129819278871949 0.8605276528914845 1.2228978966270267 1.5028092805307547 1.632212951587585 2.3605028961756327
381 12192 -0.968019339698112 -0.2033419328787335 0.3238556219470419 0.7705780675077976 0.08145699919998235 0.15494736831778103 0.2755593602202074 0.3369771562811058 0.37277143908517296 0.41435201272920796 0.4961904911940445 0.5582275529135022 0.7210720262004447 0.8129819278871949 0.8605276528914845 1.2228978966270267 1.5028092805307547 1.632212951587585 2.3605028961756327
391 12512 -0.9618417459589303 -0.1780533895158637 0.2743346041230874 0.7536585639558844 0.08447338779921493 0.1651071173539557 0.2704608080123161 0.34671078767491037 0.4125076100242339 0.4479931954096313 0.5220789128003934 0.5496349237486104 0.7093390646196471 0.8247650695739939 0.8940842743643708 1.2343560221261123 1.428711535096386 1.8396123920196237 2.2124443234885205
401 12832 -0.9618417459589303 -0.1780533895158637 0.2743346041230874 0.7536585639558844 0.08447338779921493 0.1651071173539557 0.2704608080123161 0.34671078767491037 0.4125076100242339 0.4479931954096313 0.5220789128003934 0.5496349237486104 0.7093390646196471 0.8247650695739939 0.8940842743643708 1.2343560221261123 1.428711535096386 1.8396123920196237 2.2124443234885205
411 13152 -0.9618417459589303 -0.1780533895158637 0.2743346041230874 0.7536585639558844 0.08447338779921493 0.1651071173539557 0.2704608080123161 0.34671078767491037 0.4125076100242339 0.4479931954096313 0.5220789128003934 0.5496349237486104 0.7093390646196471 0.8247650695739939 0.8940842743643708 1.2343560221261123 1.428711535096386 1.8396123920196237 2.2124443234885205
421 13472 -0.967551972737971 -0.2544390568989949 0.2981104270588575 0.7789504670137248 0.09954729429070536 0.15549036538803626 0.2781035047229949 0.3168559197731979 0.3575859701887188 0.4183888237019669 0.4705586774702108 0.521922941410673 0.6246661525310085 0.836923685325846 0.8809869459265289 1.3315208493375643 1.5009486271300483 1.8360341830742635 2.1743561710669495
431 13792 -0.967551972737971 -0.2544390568989949 0.2981104270588575 0.7789504670137248 0.09954729429070536 0.15549036538803626 0.2781035047229949 0.3168559197731979 0.3575859701887188 0.4183888237019669 0.4705586774702108 0.521922941410673 0.6246661525310085 0.836923685325846 0.8809869459265289 1.3315208493375643 1.5009486271300483 1.8360341830742635 2.1743561710669495
441 14112 -0.967551972737971 -0.2544390568989949 0.2981104270588575 0.7789504670137248 0.09954729429070536 0.15549036538803626 0.2781035047229949 0.3168559197731979 0.3575859701887188 0.4183888237019669 0.4705586774702108 0.521922941410673 0.6246661525310085 0.836923685325846 0.8809869459265289 1.3315208493375643 1.5009486271300483 1.8360341830742635 2.1743561710669495
451 14432 -0.9735771090445093 -0.20026244130158427 0.29075942627177986 0.7891109742436646 0.09469744280860422 0.14403799157940758 0.25252651833139944 0.30926728872492343 0.35764523424632644 0.3995940104187197 0.47695386520832395 0.5617634865338602 0.5903015360561005 0.8597454527495108 1.0399350062692774 1.3158041464264922 1.4785267569141707 1.8081360973373122 2.1504417751879608
461 14752 -0.9735771090445093 -0.20026244130158427 0.29075942627177986 0.7891109742436646 0.09469744280860422 0.14403799157940758 0.25252651833139944 0.30926728872492343 0.35764523424632644 0.3995940104187197 0.47695386520832395 0.5617634865338602 0.5903015360561005 0.8597454527495108 1.0399350062692774 1.3158041464264922 1.4785267569141707 1.8081360973373122 2.1504417751879608
471 15072 -0.9735771090445093 -0.20026244130158427 0.29075942627177986 0.7891109742436646 0.09469744280860422 0.14403799157940758 0.25252651833139944 0.30926728872492343 0.35764523424632644 0.3995940104187197 0.47695386520832395 0.5617634865338602 0.5903015360561005 0.8597454527495108 1.0399350062692774 1.3158041464264922 1.4785267569141707 1.8081360973373122 2.1504417751879608
481 15392 -0.9752396289103459 -0.2556214372292207 0.3287591243620707 0.8169778461399569 0.08723757590771263 0.14512792693311954 0.23053631664261184 0.31151012737307776 0.3432688856392259 0.38986700901816623 0.4480678741576206 0.5645730664972912 0.6231097504426568 0.7401737258435762 1.038083465918919 1.298166454924575 1.5292790055388397 1.6791561694432036 2.274767791885378
491 15712 -0.9752396289103459 -0.2556214372292207 0.3287591243620707 0.8169778461399569 0.08723757590771263 0.14512792693311954 0.23053631664261184 0.31151012737307776 0.3432688856392259 0.38986700901816623 0.4480678741576206 0.5645730664972912 0.6231097504426568 0.7401737258435762 1.038083465918919 1.298166454924575 1.5292790055388397 1.6791561694432036 2.274767791885378
501 16032 -0.9752396289103459 -0.2556214372292207 0.3287591243620707 0.8169778461399569 0.08723757590771263 0.14512792693311954 0.23053631664261184 0.31151012737307776 0.3432688856392259 0.38986700901816623 0.4480678741576206 0.5645730664972912 0.6231097504426568 0.7401737258435762 1.038083465918919 1.298166454924575 1.5292790055388397 1.6791561694432036 2.274767791885378
511 16352 -0.9742106207519436 -0.22803998789836566 0.34667898417803267 0.8171981927067862 0.09170557797425705 0.1298171342041452 0.24619164105855204 0.30416334468730266 0.3349924056914635 0.43006355723331596 0.49122234623885397 0.5467659324857311 0.616790465037308 0.7436793900600046 0.9316312541014041 1.1938074310674087 1.5035656661869805 1.7225023446411518 2.3515651068751207
521 16672 -0.9742106207519436 -0.22803998789836566 0.34667898417803267 0.8171981927067862 0.09170557797425705 0.1298171342041452 0.24619164105855204 0.30416334468730266 0.3349924056914635 0.43006355723331596 0.49122234623885397 0.5467659324857311 0.616790465037308 0.7436793900600046 0.9316312541014041 1.1938074310674087 1.5035656661869805 1.7225023446411518 2.3515651068751207
531 16992 -0.9742106207519436 -0.22803998789836566 0.34667898417803267 0.8171981927067862 0.09170557797425705 0.1298171342041452 0.24619164105855204 0.30416334468730266 0.3349924056914635 0.43006355723331596 0.49122234623885397 0.5467659324857311 0.616790465037308 0.7436793900600046 0.9316312541014041 1.1938074310674087 1.5035656661869805 1.7225023446411518 2.3515651068751207
541 17312 -0.9705684630685119 -0.2592112574727926 0.4134608048736602 0.8441838185018612 0.09097749297608572 0.1259239717097635 0.24156085583593495 0.2912451973587163 0.32412879568803993 0.397564644723671 0.49094533583697464 0.6081767270136403 0.6587693488225389 0.8047713468673319 0.948900158129818 1.1064889657372963 1.319721010073662 1.6946219492768289 2.4776797709933813
551 17632 -0.9705684630685119 -0.2592112574727926 0.4134608048736602 0.8441838185018612 0.09097749297608572 0.1259239717097635 0.24156085583593495 0.2912451973587163 0.32412879568803993 0.397564644723671 0.49094533583697464 0.6081767270136403 0.6587693488225389 0.8047713468673319 0.948900158129818 1.1064889657372963 1.319721010073662 1.6946219492768289 2.4776797709933813
561 17952 -0.9705684630685119 -0.2592112574727926 0.4134608048736602 0.8441838185018612 0.09097749297608572 0.1259239717097635 0.24156085583593495 0.2912451973587163 0.32412879568803993 0.397564644723671 0.49094533583697464 0.6081767270136403 0.6587693488225389 0.8047713468673319 0.948900158129818 1.1064889657372963 1.319721010073662 1.6946219492768289 2.4776797709933813
571 18272 -0.9714921034522783 -0.2558376727689123 0.4410208021408939 0.7975278828304986 0.08631046728323946 0.10804107193026827 0.22018055943882858 0.24652676137864832 0.3166993009860764 0.3666157694332187 0.44826989449818916 0.5292205433093636 0.6180035323001765 0.758935643760849 0.8781592174564996 1.0647827994632049 1.3795006173813007 1.9118145887629518 2.394786458551506
581 18592 -0.9714921034522783 -0.2558376727689123 0.4410208021408939 0.7975278828304986 0.08631046728323946 0.10804107193026827 0.22018055943882858 0.24652676137864832 0.3166993009860764 0.3666157694332187 0.44826989449818916 0.5292205433093636 0.6180035323001765 0.758935643760849 0.8781592174564996 1.0647827994632049 1.3795006173813007 1.9118145887629518 2.394786458551506
591 18912 -0.9714921034522783 -0.2558376727689123 0.4410208021408939 0.7975278828304986 0.08631046728323946 0.10804107193026827 0.22018055943882858 0.24652676137864832 0.3166993009860764 0.3666157694332187 0.44826989449818916 0.5292205433093636 0.6180035323001765 0.758935643760849 0.8781592174564996 1.0647827994632049 1.3795006173813007 1.9118145887629518 2.394786458551506
601 19232 -0.9789875068702074 -0.2161489528306077 0.3584423234464785 0.8213024630201088 0.09130699891304667 0.10917146512169698 0.23101692719763714 0.2956961179069284 0.32919168825041467 0.42714682435390333 0.5178847090947747 0.5996477675140718 0.7134976684521339 0.7421174295644775 1.0035417879180366 1.0414041203711748 1.4218321337008142 1.773442374090668 2.366895789714806
610 19520 -0.9789875068702074 -0.2161489528306077 0.3584423234464785 0.8213024630201088 0.09130699891304667 0.10917146512169698 0.23101692719763714 0.2956961179069284 0.32919168825041467 0.42714682435390333 0.5178847090947747 0.5996477675140718 0.7134976684521339 0.7421174295644775 1.0035417879180366 1.0414041203711748 1.4218321337008142 1.773442374090668 2.366895789714806
