% # columns="iteration, evaluation, sigma, axis ratio, bestever, best, median, worst objective function value, interquartile range, 25%tile, current best feasible f-value, elapsed wallclock time [s], further/more values", seed=315580, Wed Mar 11 01:42:41 2026, <python>{}</python>
1 32 0.3462425153647179 1.0000466677555726 29.545509981636428 2.9545509981636428e+01 2089.7069317110945 2557.8667329362906 1955.4982397126776 239.16135331546076 nan 4.1   
2 64 0.36149596898036274 1.257062688651796 29.545509981636428 3.1705713386923197e+01 208.49743272849256 2472.0542404961006 1271.8990813627724 91.13140076674257 nan 9.1   
3 96 0.37401207491258537 1.359934309462387 29.545509981636428 3.4278052307953487e+01 208.0069843998522 2297.054846111022 398.03835343866615 108.00323254859788 nan 14.3   
11 352 0.3822671260252329 1.7129023697500037 -3.2378811809137646 6.1036950676870365e+00 244.46863470207967 2311.9230569388023 1052.4056102074987 101.52445255046803 nan 60.4   
21 672 0.3017352516859881 2.0510477555302793 -39.02346915515634 -2.5632664265240614e+01 131.03211658317596 2336.8365180335995 374.8500964693947 13.811224985477946 nan 119.4   
31 992 0.2693302985790999 2.988696088873934 -41.280866537477706 -2.2809599116395521e+01 14.520921176451797 2171.2516593106966 645.8179641003804 1.7610962871614015 nan 189.7   
41 1312 0.26132578964036135 3.871925054501364 -87.87472762002703 -2.1660417979051942e+01 -2.811482663091855 2069.0733379812627 26.545769448262668 -8.793549313825181 nan 275.9   
51 1632 0.2354079767982958 4.74245922732641 -87.87472762002703 -8.4217864580249739e+01 -6.706094313392423 1028.2152486318398 14.44420863541178 -11.221130906097189 nan 360.2   
61 1952 0.2853597566046134 6.3928574493479235 -87.87472762002703 -8.3136602640406139e+01 -5.304582351800269 2169.9223897377306 22.028124112163592 -13.2432159131911 nan 451.9   
71 2272 0.2248745592756639 7.494912401268574 -87.87472762002703 -4.7416261737382477e+01 -8.707547379062731 607.4689737622809 15.966743657225274 -16.21659429285687 nan 550.7   
81 2592 0.2280940113352864 8.880354629601069 -87.87472762002703 -5.5347232991648504e+01 -8.776374417680138 132.07015993923204 21.286007747851347 -19.775315544573438 nan 643.6   
91 2912 0.21126049848003806 10.195416659476603 -87.87472762002703 -7.6460099229221584e+01 -5.3274215360863275 22.598326501541003 18.07017712863587 -18.43468629807824 nan 735.3   
101 3232 0.22874285237954708 12.773329564638493 -90.28634828780288 -8.3146570285015599e+01 -15.304286700989856 22.69460279456023 44.587795059105716 -46.051514437502064 nan 821.1   
111 3552 0.22045588046019152 12.47368028409288 -90.28634828780288 -8.5770000014107154e+01 -10.001604835936604 9.68686492116349 37.66027559996401 -45.21038131878127 nan 905.5   
121 3872 0.17528846561617079 13.081617114761002 -91.97841139345238 -7.9979290413825936e+01 -13.38868625244205 6.080918705092712 38.08485600681671 -43.80197557072685 nan 992.6   
131 4192 0.15532768896257776 14.28279010699938 -91.97841139345238 -8.6659197937145706e+01 -13.767692776540784 58.386416016878286 40.8423970008342 -44.99361042913549 nan 1072.0   
141 4512 0.13699378011275348 13.984718506853465 -91.97841139345238 -5.4028784429024526e+01 -12.54200745701704 2.817793577010468 36.10165001124291 -41.27623283949585 nan 1159.3   
151 4832 0.12826240478158848 14.243973767104888 -91.97841139345238 -8.5887840708068723e+01 -36.69707052853205 3.1814715597940992 40.59611776817462 -48.31730188016844 nan 1252.5   
161 5152 0.12129667409026294 14.773366368364023 -91.97841139345238 -8.9003440965214139e+01 -42.60428100976884 6.314295711797276 38.81982748112688 -49.8429076172164 nan 1333.7   
171 5472 0.11442990476395407 15.635154696862315 -91.97841139345238 -8.7582031818911503e+01 -42.559762053248924 -1.1691476038286943 36.84574187730966 -50.50297331402595 nan 1411.5   
181 5792 0.13030553477668919 15.7278842905514 -91.97841139345238 -8.5242596955494648e+01 -43.73463488805826 1.747783227596078 38.04718849577745 -50.765299305249016 nan 1494.5   
191 6112 0.1307851685477426 17.023506138010504 -91.97841139345238 -8.8384574581512993e+01 -43.48116169312834 12.061451076433405 40.009620245941505 -50.389455869305195 nan 1573.7   
201 6432 0.11850717096118754 18.25107306380565 -91.97841139345238 -8.7582352340444743e+01 -14.073261662698101 55.807189827921796 40.02298811727252 -48.23187687751049 nan 1656.1   
211 6752 0.11546803311922685 19.24155312679358 -91.97841139345238 -8.7277351546420192e+01 -10.425461064997148 10.284928415363732 45.72623727547665 -48.581439861183185 nan 1741.7   
221 7072 0.10002155640784084 20.432447081360067 -91.97841139345238 -8.9016218128764365e+01 -38.22208495661192 0.4245225079889843 35.51819132287751 -45.021435026208806 nan 1822.2   
231 7392 0.09595296438516071 23.064565874060886 -92.09856382712826 -9.2098563827128260e+01 -18.444936285353876 9.644883898450018 43.84159175639382 -48.855494592121815 nan 1895.7   
241 7712 0.09850008091028971 27.41760549095485 -92.09856382712826 -8.9239799754780051e+01 -44.314788427448754 0.05971229957790136 37.68077115927494 -48.26259568736222 nan 1979.5   
251 8032 0.09639592347889671 27.870130587142214 -92.09856382712826 -8.7805686181922567e+01 -11.530445888010378 12.195207031436604 45.87813187310045 -49.51401035583268 nan 2056.2   
261 8352 0.091548189699352 26.18627386290615 -92.1820644048074 -8.6619639009079037e+01 -16.259855880474753 4.7733256375515305 37.24025567913045 -47.30108299480763 nan 2140.2   
271 8672 0.11488241612133979 30.110639296058345 -92.1820644048074 -8.5012863955898467e+01 -38.62098409455281 0.9085995993718785 40.084712513680174 -51.26800850019711 nan 2214.7   
281 8992 0.12770746516957118 30.895903836909362 -92.1820644048074 -8.4487761167871781e+01 -38.25212957140963 8.698419398300002 43.13985457598463 -48.10765911547314 nan 2301.7   
291 9312 0.1366323295470671 30.834256450612706 -92.1820644048074 -8.6784580942886677e+01 -44.30737913593037 0.9249070534538175 33.145862390614056 -49.7088434172929 nan 2385.9   
301 9632 0.13531358994512835 33.65377918182616 -92.1820644048074 -8.9070298352993547e+01 -15.569169191875053 6.3016790864205205 40.29469488584273 -49.45645424705058 nan 2469.1   
311 9952 0.1279136609527687 40.99333334969339 -92.93007108504173 -9.2930071085041732e+01 -36.877987502085986 1.2691660166054968 35.52784463844896 -47.60082620439101 nan 2549.1   
321 10272 0.12920525901929958 43.97760815945639 -92.93007108504173 -8.6948654833165591e+01 -46.36328847483336 8.33085119033179 36.84619503394087 -52.29278622086194 nan 2634.7   
331 10592 0.12926767099416356 47.40993878969947 -92.93007108504173 -8.9043476842650875e+01 -43.29228950190044 6.7375730147400335 55.320839388185824 -66.17246143890286 nan 2717.7   
341 10912 0.11496147402949689 53.050111369379145 -93.27355436377076 -8.6828716160338388e+01 -36.65033294774756 1.9397276685619964 36.36454679133459 -48.800500641693745 nan 2798.8   
351 11232 0.10645406605495682 51.80417183868911 -93.27355436377076 -8.7554767641427730e+01 -47.80218644325949 -1.1236585916334172 38.784842634289426 -51.97392515449772 nan 2885.7   
361 11552 0.10957718127807209 52.148928218584146 -93.27355436377076 -8.4758792921641430e+01 -42.24075884144245 15.381968097186878 38.06958131752123 -47.8023398642887 nan 2974.2   
371 11872 0.10987822364301425 48.18080121484733 -93.68501463336631 -8.5747693924928342e+01 -41.581145196672864 6.2053876130044525 37.68374337987925 -47.36635129566488 nan 3054.4   
381 12192 0.11359673133485358 46.6644556756931 -93.68501463336631 -8.9745039834856044e+01 -42.8758276729763 77.83194362084244 39.06224312146678 -48.61621392988305 nan 3142.8   
391 12512 0.12408376317058271 47.455849739823904 -93.68501463336631 -9.0702060858671274e+01 -36.429417161144514 56.109903064987456 39.14715352034847 -49.26773497168814 nan 3227.7   
401 12832 0.11483363108791711 43.99620884050344 -93.68501463336631 -8.8254326980658405e+01 -38.91586276278151 6.571408840258405 39.94511972969562 -44.01662657366268 nan 3308.5   
411 13152 0.1290518795228418 47.14351943116287 -93.68501463336631 -8.7443913401515005e+01 -39.7778646955063 -1.009702924855727 39.0644851502292 -50.86541844493796 nan 3391.7   
421 13472 0.11624697896716622 51.580168827848986 -93.68501463336631 -8.8800545760045296e+01 -41.21859823077704 1.8285780259702005 36.90634162107817 -52.755300000441466 nan 3480.0   
431 13792 0.09285959927151 54.395094184222714 -93.68501463336631 -8.7531786301534027e+01 -41.45032499258258 458.9756722118669 40.326741749555836 -49.89900030449844 nan 3555.6   
441 14112 0.08017696384199297 62.766733891184415 -93.68501463336631 -8.7413881658418944e+01 -43.99020222576751 5.115816709372384 45.153580836104375 -50.90864467851101 nan 3640.2   
451 14432 0.08605149209546786 72.04715096203468 -93.68501463336631 -8.6751044384041165e+01 -38.9605175573128 5.577077503326445 35.37944981517675 -48.85556381544136 nan 3727.0   
461 14752 0.07211767613044567 83.25082917252108 -93.68501463336631 -8.8183328260534282e+01 -43.11318583762339 5.215504373118062 38.32702016849308 -50.42651739917949 nan 3811.0   
471 15072 0.0971739160027708 100.03536324249288 -93.68501463336631 -9.1650729498732318e+01 -41.90340030811762 576.7560977602775 33.899961884972555 -48.6118854095111 nan 3896.6   
481 15392 0.0846978828771245 99.64619458291803 -93.68501463336631 -8.7816035837835500e+01 -40.122089805670136 -2.9645860424481194 36.420599343648604 -50.463492419369295 nan 3978.3   
491 15712 0.08444710917134607 102.56286239566619 -93.68501463336631 -8.5565527609726047e+01 -44.95898771232384 -1.4133626220162228 37.13366169748065 -49.955015895591416 nan 4056.4   
501 16032 0.09335460744737994 104.83911299218232 -93.68501463336631 -9.0156871746873051e+01 -44.32466475318193 4.393633356349564 32.716420875972624 -47.553889713858865 nan 4136.7   
511 16352 0.10520036095067795 113.77740000411542 -93.68501463336631 -8.9109165232778906e+01 -45.77028662668301 -3.0879746178940817 36.98471121973239 -52.52313143746418 nan 4220.8   
521 16672 0.09937917044143534 120.48485857136752 -93.68501463336631 -9.2061913449616071e+01 -46.78277713691605 -2.725971202424496 38.32469680722415 -50.851634097255406 nan 4308.8   
531 16992 0.0768769648171029 146.99397373217292 -93.68501463336631 -8.6516913971795248e+01 -42.7730911870241 -0.35588447439748006 40.73323531506446 -50.1938323665381 nan 4393.6   
541 17312 0.07614506416399801 160.6331724501672 -93.68501463336631 -8.3741107205341422e+01 -46.405056350130174 3.5547278074840163 13.439649209147902 -50.77398668447678 nan 4476.3   
551 17632 0.07841576709712514 154.64247869522706 -93.68501463336631 -8.9398407391106048e+01 -46.026518232257736 4.809534309527276 65.49030422026931 -81.84395812067145 nan 4555.0   
561 17952 0.10547413807151797 177.6863280237601 -93.68501463336631 -8.8742772394189871e+01 -44.632703276091156 4.479643039762035 43.4279778014241 -51.253085722527416 nan 4638.3   
571 18272 0.12683181158192047 189.34600019758832 -93.68501463336631 -8.9687365473041496e+01 -39.87451518490721 6.369209744025255 41.62133446540887 -50.406627019232026 nan 4723.2   
581 18592 0.12982317514304637 198.46472890223217 -93.68501463336631 -8.1089947566586517e+01 -40.16902844760297 1.3737558011783229 39.04005128094545 -48.886704540372406 nan 4812.0   
591 18912 0.10597076118507555 191.5500651631212 -93.68501463336631 -8.7584843217220580e+01 -44.29203855621863 -1.51973259676868 11.94733132157463 -49.520266796884584 nan 4896.4   
601 19232 0.10179779811545384 187.74510519350986 -93.68501463336631 -8.5782132610182543e+01 -17.92486802304078 3.772470199030137 34.917110853791186 -44.39414441232208 nan 4982.5   
605 19360 0.09295784451848313 175.73228350209078 -93.68501463336631 -9.0495160399640056e+01 -39.05161602042378 -1.239141079511112 40.91740974499372 -53.88483442894869 nan 5019.8   
