% # columns="iteration, evaluation, sigma, beta, void,  sigvec==sigma_vec.scaling factors from diagonal decoding", seed=284702, Fri Apr  3 02:55:30 2026, <python>{}</python>
1 32 0.3350233165204123 1 0 0.9523809523809524 0.9523777777830688 0.9523746031957672 0.9523714286190476 0.9523682540529098 0.9523650794973538 0.9523619049523795 0.9523587304179875 0.952355555894177 0.9523523813809482 0.9523492068783009 0.9523460323862354 0.9523428579047517 0.9523396834338493 0.9523365089735287
2 64 0.3544377109017989 1 0 0.9394022999534918 0.9039368457809288 0.9523746031957672 0.9492182683900419 0.9254756959099353 0.9441196953163702 0.9470329922333457 0.9523587304179875 0.9417056859347499 0.934554296946621 0.9523492068783009 0.9265976791995904 0.9497576266284219 0.9368872639731252 0.9523365089735287
3 96 0.38090447262160754 1 0 0.8717076337526882 0.8158097247513573 0.9057975527073234 0.8677881061272192 0.8762449516597277 0.8777871847370591 0.8489617198326359 0.939994306478318 0.8758780244576734 0.8586106813152219 0.8979023311838925 0.8957304115488932 0.8579314999739871 0.8585688648212805 0.9144773393180994
11 352 0.42089829488226255 1 0 0.7263750910009028 0.6579422160748224 0.7313429793252382 0.6991108417132563 0.752065432573939 0.7416482488184358 0.6734465956291715 0.7472343898654682 0.7196129931235783 0.6769713077988193 0.7326814512488723 0.7446418511616126 0.7033929893833955 0.7264494526554437 0.7302180914548139
21 672 0.38575684013934336 1 0 0.7263750910009028 0.6579422160748224 0.7313429793252382 0.6991108417132563 0.752065432573939 0.7416482488184358 0.6734465956291715 0.7472343898654682 0.7196129931235783 0.6769713077988193 0.7326814512488723 0.7446418511616126 0.7033929893833955 0.7264494526554437 0.7302180914548139
31 992 0.3522864663880128 1 0 0.7263750910009028 0.6579422160748224 0.7313429793252382 0.6991108417132563 0.752065432573939 0.7330587698022525 0.6734465956291715 0.7472343898654682 0.7196129931235783 0.6769713077988193 0.7326814512488723 0.7446418511616126 0.7033929893833955 0.7264494526554437 0.7302180914548139
41 1312 0.263777208994264 1 0 0.7263750910009028 0.6579422160748224 0.7313429793252382 0.6991108417132563 0.752065432573939 0.7330587698022525 0.6734465956291715 0.7472343898654682 0.7196129931235783 0.6769713077988193 0.7326814512488723 0.7446418511616126 0.7033929893833955 0.7264494526554437 0.7302180914548139
51 1632 0.24243110731364817 1 0 0.7263750910009028 0.6579422160748224 0.7313429793252382 0.6991108417132563 0.752065432573939 0.7330587698022525 0.6734465956291715 0.7472343898654682 0.7196129931235783 0.6769713077988193 0.7326814512488723 0.7446418511616126 0.7033929893833955 0.7264494526554437 0.7302180914548139
61 1952 0.2345864173789342 1 0 0.7263750910009028 0.6579422160748224 0.7313429793252382 0.6991108417132563 0.752065432573939 0.7330587698022525 0.6734465956291715 0.7472343898654682 0.7196129931235783 0.6769713077988193 0.7326814512488723 0.7446418511616126 0.7033929893833955 0.7264494526554437 0.7302180914548139
71 2272 0.2303334175285407 1 0 0.7263750910009028 0.6579422160748224 0.7313429793252382 0.6991108417132563 0.752065432573939 0.7330587698022525 0.6734465956291715 0.7472343898654682 0.7196129931235783 0.6769713077988193 0.7326814512488723 0.7446418511616126 0.7033929893833955 0.7264494526554437 0.7302180914548139
81 2592 0.16425614592362192 1 0 0.7263750910009028 0.6579422160748224 0.7313429793252382 0.6991108417132563 0.752065432573939 0.7330587698022525 0.6734465956291715 0.7472343898654682 0.7196129931235783 0.6769713077988193 0.7326814512488723 0.7446418511616126 0.7033929893833955 0.7264494526554437 0.7302180914548139
91 2912 0.13361440968868987 1 0 0.7263750910009028 0.6579422160748224 0.7313429793252382 0.6991108417132563 0.752065432573939 0.7330587698022525 0.6734465956291715 0.7472343898654682 0.7196129931235783 0.6769713077988193 0.7326814512488723 0.7446418511616126 0.7033929893833955 0.7264494526554437 0.7302180914548139
101 3232 0.11169031366705279 1 0 0.7263750910009028 0.6579422160748224 0.7313429793252382 0.6991108417132563 0.752065432573939 0.7330587698022525 0.6734465956291715 0.7472343898654682 0.7196129931235783 0.6769713077988193 0.7326814512488723 0.7446418511616126 0.7033929893833955 0.7264494526554437 0.7302180914548139
111 3552 0.11374351853628052 1 0 0.7263750910009028 0.6579422160748224 0.7313429793252382 0.6991108417132563 0.752065432573939 0.7330587698022525 0.6734465956291715 0.7472343898654682 0.7196129931235783 0.6769713077988193 0.7326814512488723 0.7446418511616126 0.7033929893833955 0.7264494526554437 0.7302180914548139
121 3872 0.11862864373116369 1 0 0.7263750910009028 0.6579422160748224 0.7313429793252382 0.6991108417132563 0.752065432573939 0.7330587698022525 0.6734465956291715 0.7472343898654682 0.7196129931235783 0.6769713077988193 0.7326814512488723 0.7446418511616126 0.7033929893833955 0.7264494526554437 0.7302180914548139
131 4192 0.09504363298536708 1 0 0.7263750910009028 0.6579422160748224 0.7313429793252382 0.6991108417132563 0.752065432573939 0.7330587698022525 0.6734465956291715 0.7472343898654682 0.7196129931235783 0.6769713077988193 0.7326814512488723 0.7446418511616126 0.7033929893833955 0.7264494526554437 0.7302180914548139
141 4512 0.12599692478528934 1 0 0.7263750910009028 0.6579422160748224 0.7313429793252382 0.6991108417132563 0.752065432573939 0.7330587698022525 0.6734465956291715 0.7472343898654682 0.7196129931235783 0.6769713077988193 0.7326814512488723 0.7446418511616126 0.7033929893833955 0.7264494526554437 0.7302180914548139
151 4832 0.12007230272290258 1 0 0.7263750910009028 0.6579422160748224 0.7313429793252382 0.6991108417132563 0.752065432573939 0.7330587698022525 0.6734465956291715 0.7472343898654682 0.7196129931235783 0.6769713077988193 0.7326814512488723 0.7446418511616126 0.7033929893833955 0.7264494526554437 0.7302180914548139
161 5152 0.10443424291131514 1 0 0.7263750910009028 0.6579422160748224 0.7313429793252382 0.6991108417132563 0.752065432573939 0.7330587698022525 0.6734465956291715 0.7472343898654682 0.7196129931235783 0.6769713077988193 0.7326814512488723 0.7446418511616126 0.7033929893833955 0.7264494526554437 0.7302180914548139
171 5472 0.12704891209296637 1 0 0.7263750910009028 0.6579422160748224 0.7313429793252382 0.6991108417132563 0.752065432573939 0.7330587698022525 0.6734465956291715 0.7472343898654682 0.7196129931235783 0.6769713077988193 0.7326814512488723 0.7446418511616126 0.7033929893833955 0.7264494526554437 0.7302180914548139
181 5792 0.12090984691854863 1 0 0.7263750910009028 0.6579422160748224 0.7313429793252382 0.6991108417132563 0.752065432573939 0.7330587698022525 0.6734465956291715 0.7472343898654682 0.7196129931235783 0.6769713077988193 0.7326814512488723 0.7446418511616126 0.7033929893833955 0.7264494526554437 0.7302180914548139
191 6112 0.09424352513706989 1 0 0.7263750910009028 0.6579422160748224 0.7313429793252382 0.6991108417132563 0.752065432573939 0.7330587698022525 0.6734465956291715 0.7472343898654682 0.7196129931235783 0.6769713077988193 0.7326814512488723 0.7446418511616126 0.7033929893833955 0.7264494526554437 0.7302180914548139
201 6432 0.09422933364869672 1 0 0.7263750910009028 0.6579422160748224 0.7313429793252382 0.6991108417132563 0.752065432573939 0.7330587698022525 0.6734465956291715 0.7472343898654682 0.7196129931235783 0.6769713077988193 0.7326814512488723 0.7446418511616126 0.7033929893833955 0.7264494526554437 0.7302180914548139
211 6752 0.10897462472335505 1 0 0.7263750910009028 0.6579422160748224 0.7313429793252382 0.6991108417132563 0.752065432573939 0.7330587698022525 0.6734465956291715 0.7472343898654682 0.7196129931235783 0.6769713077988193 0.7326814512488723 0.7446418511616126 0.7033929893833955 0.7264494526554437 0.7302180914548139
221 7072 0.14899780025951426 1 0 0.7263750910009028 0.6579422160748224 0.7313429793252382 0.6991108417132563 0.752065432573939 0.7330587698022525 0.6734465956291715 0.7472343898654682 0.7196129931235783 0.6769713077988193 0.7326814512488723 0.7446418511616126 0.7033929893833955 0.7264494526554437 0.7302180914548139
231 7392 0.16688783301198884 1 0 0.7263750910009028 0.6579422160748224 0.7313429793252382 0.6991108417132563 0.752065432573939 0.7330587698022525 0.6734465956291715 0.7472343898654682 0.7196129931235783 0.6769713077988193 0.7326814512488723 0.7446418511616126 0.7033929893833955 0.7264494526554437 0.7302180914548139
241 7712 0.2161162006756145 1 0 0.7263750910009028 0.6579422160748224 0.7313429793252382 0.6991108417132563 0.752065432573939 0.7330587698022525 0.6734465956291715 0.7472343898654682 0.7196129931235783 0.6769713077988193 0.7326814512488723 0.7446418511616126 0.7033929893833955 0.7264494526554437 0.7302180914548139
251 8032 0.23649028477931341 1 0 0.7263750910009028 0.6579422160748224 0.7313429793252382 0.6991108417132563 0.752065432573939 0.7330587698022525 0.6734465956291715 0.7472343898654682 0.7196129931235783 0.6769713077988193 0.7326814512488723 0.7446418511616126 0.7033929893833955 0.7264494526554437 0.7302180914548139
261 8352 0.23636183636220837 1 0 0.7263750910009028 0.6579422160748224 0.7313429793252382 0.6991108417132563 0.752065432573939 0.7330587698022525 0.6734465956291715 0.7472343898654682 0.7196129931235783 0.6769713077988193 0.7326814512488723 0.7446418511616126 0.7033929893833955 0.7264494526554437 0.7302180914548139
271 8672 0.35271506077817966 1 0 0.7263750910009028 0.6579422160748224 0.7313429793252382 0.6991108417132563 0.752065432573939 0.6152956453160742 0.6734465956291715 0.7472343898654682 0.7196129931235783 0.6769713077988193 0.7326814512488723 0.7446418511616126 0.7033929893833955 0.7264494526554437 0.7302180914548139
281 8992 0.4272612825296157 1 0 0.7263750910009028 0.6579422160748224 0.7313429793252382 0.6991108417132563 0.752065432573939 0.5557323790242799 0.5427294635523947 0.7469793687583137 0.7196129931235783 0.6769713077988193 0.7326814512488723 0.7446418511616126 0.7033929893833955 0.7264494526554437 0.7302180914548139
291 9312 0.49236737682105286 1 0 0.7263750910009028 0.6579422160748224 0.7313429793252382 0.6991108417132563 0.6709251316278221 0.4455511776057709 0.44908561798427066 0.6103728566878238 0.7196129931235783 0.6769713077988193 0.7326814512488723 0.7446418511616126 0.5537229558075534 0.6114712402507675 0.6881674287450882
301 9632 0.5177828011440425 1 0 0.7263750910009028 0.6579422160748224 0.7313429793252382 0.6991108417132563 0.6416402619327635 0.4095729621696051 0.44908561798427066 0.5995646495235437 0.7196129931235783 0.6769713077988193 0.7326814512488723 0.7446418511616126 0.5537229558075534 0.558785823501886 0.6881674287450882
311 9952 0.5186045795429507 1 0 0.7263750910009028 0.6579422160748224 0.7313429793252382 0.6991108417132563 0.5611106191070129 0.3600577327427186 0.4220006826895315 0.539596727816575 0.7196129931235783 0.6769713077988193 0.7326814512488723 0.6697367044392727 0.5107178389044534 0.5167164078176075 0.6347430130482992
321 10272 0.6297455841092735 1 0 0.7263750910009028 0.6579422160748224 0.7313429793252382 0.6991108417132563 0.5380819731805685 0.31237758981689384 0.35031599855899004 0.5173870827548503 0.7196129931235783 0.6769713077988193 0.7326814512488723 0.6697367044392727 0.443687289968491 0.463573818782109 0.6347430130482992
331 10592 0.498401310741158 1 0 0.7263750910009028 0.6579422160748224 0.7313429793252382 0.6991108417132563 0.5380819731805685 0.31237758981689384 0.35031599855899004 0.5173870827548503 0.7196129931235783 0.6769713077988193 0.7326814512488723 0.6697367044392727 0.443687289968491 0.463573818782109 0.6347430130482992
341 10912 0.5668845756184582 1 0 0.7263750910009028 0.6579422160748224 0.7313429793252382 0.6991108417132563 0.5380819731805685 0.31237758981689384 0.35031599855899004 0.5173870827548503 0.7196129931235783 0.6769713077988193 0.7326814512488723 0.6697367044392727 0.443687289968491 0.463573818782109 0.6347430130482992
351 11232 0.525446501324286 1 0 0.7263750910009028 0.6579422160748224 0.7313429793252382 0.6991108417132563 0.5380819731805685 0.31237758981689384 0.35031599855899004 0.5173870827548503 0.7196129931235783 0.6769713077988193 0.7326814512488723 0.6697367044392727 0.443687289968491 0.463573818782109 0.6347430130482992
361 11552 0.48220864121611756 1 0 0.7263750910009028 0.6579422160748224 0.7313429793252382 0.6991108417132563 0.5380819731805685 0.31237758981689384 0.35031599855899004 0.5173870827548503 0.7196129931235783 0.6769713077988193 0.7326814512488723 0.6697367044392727 0.443687289968491 0.463573818782109 0.6347430130482992
371 11872 0.5402225969458472 1 0 0.7263750910009028 0.6579422160748224 0.7313429793252382 0.6991108417132563 0.4939156121365293 0.31237758981689384 0.35031599855899004 0.5173870827548503 0.7196129931235783 0.6769713077988193 0.7326814512488723 0.6697367044392727 0.443687289968491 0.463573818782109 0.6347430130482992
381 12192 0.781758220687795 1 0 0.7263750910009028 0.6579422160748224 0.7313429793252382 0.6991108417132563 0.2577168978109905 0.25062298002860245 0.266609455270168 0.4241675885106715 0.7196129931235783 0.6769713077988193 0.5039787440085659 0.47347813410506745 0.30387501745877443 0.3280004839289389 0.576922043118045
391 12512 0.7524440135862368 1 0 0.7263750910009028 0.6579422160748224 0.7313429793252382 0.6991108417132563 0.2577168978109905 0.25062298002860245 0.266609455270168 0.4241675885106715 0.7196129931235783 0.6769713077988193 0.5039787440085659 0.47347813410506745 0.30387501745877443 0.3280004839289389 0.576922043118045
401 12832 0.7422125347421171 1 0 0.7263750910009028 0.6579422160748224 0.7313429793252382 0.6991108417132563 0.2577168978109905 0.25062298002860245 0.266609455270168 0.4241675885106715 0.7196129931235783 0.6769713077988193 0.5039787440085659 0.47347813410506745 0.30387501745877443 0.3280004839289389 0.576922043118045
411 13152 0.9606661204139243 1 0 0.7263750910009028 0.6579422160748224 0.7313429793252382 0.6991108417132563 0.25681481363792 0.23553103098451791 0.23086594029024546 0.3970522030782847 0.7196129931235783 0.6769713077988193 0.42752189384674 0.47347813410506745 0.2773290871185376 0.2700685736521647 0.44115293619734924
421 13472 0.929956770507037 1 0 0.7263750910009028 0.6579422160748224 0.7313429793252382 0.6991108417132563 0.25266593437324114 0.2320951779614735 0.22332855267500792 0.38894640242581313 0.7196129931235783 0.6769713077988193 0.4154005394239447 0.4632690908953824 0.27605193718261634 0.2612976083061735 0.42324125448653577
431 13792 0.9413535626302467 1 0 0.7263750910009028 0.6579422160748224 0.7313429793252382 0.6991108417132563 0.25266593437324114 0.22698212756572758 0.19496756973407814 0.38894640242581313 0.7196129931235783 0.6769713077988193 0.4154005394239447 0.4632690908953824 0.27605193718261634 0.23616955944174198 0.39097290852999506
441 14112 1.0644752564248472 1 0 0.7263750910009028 0.6579422160748224 0.7313429793252382 0.6699962615406141 0.2099075901575636 0.19821679316189314 0.16968373328933198 0.3475456998915994 0.7196129931235783 0.6769713077988193 0.4044572340228033 0.4445182480158749 0.2512475755519201 0.21715495910262878 0.3404091987379153
451 14432 1.1793581990171405 1 0 0.7263750910009028 0.6579422160748224 0.7313429793252382 0.561337745792025 0.1730964604087275 0.16190020928320373 0.15510730863823605 0.28066612200006413 0.7196129931235783 0.6769713077988193 0.3371225439482678 0.3646689535935286 0.20322405369025495 0.17607322165771577 0.30295962818089645
461 14752 1.2314986028964918 1 0 0.7263750910009028 0.6579422160748224 0.7313429793252382 0.561337745792025 0.1730964604087275 0.16190020928320373 0.15510730863823605 0.28066612200006413 0.7196129931235783 0.6769713077988193 0.3371225439482678 0.3646689535935286 0.20322405369025495 0.17607322165771577 0.30295962818089645
471 15072 1.2197310806366952 1 0 0.7263750910009028 0.6579422160748224 0.7313429793252382 0.561337745792025 0.1730964604087275 0.16190020928320373 0.15510730863823605 0.28066612200006413 0.7196129931235783 0.6769713077988193 0.3371225439482678 0.3646689535935286 0.20322405369025495 0.17607322165771577 0.30295962818089645
481 15392 1.3379870254612063 1 0 0.7263750910009028 0.6579422160748224 0.7313429793252382 0.561337745792025 0.1730964604087275 0.16190020928320373 0.15510730863823605 0.28066612200006413 0.7196129931235783 0.6769713077988193 0.3371225439482678 0.3646689535935286 0.20322405369025495 0.17607322165771577 0.30295962818089645
491 15712 1.5064745612427417 1 0 0.7263750910009028 0.6579422160748224 0.7313429793252382 0.460120661055965 0.1408078234880978 0.15993541549755177 0.14128096057957978 0.26071104063807177 0.7196129931235783 0.6769713077988193 0.30121106249266993 0.3280617200593591 0.1752848952540802 0.16434543218396483 0.27165372561250695
501 16032 1.72417394482342 1 0 0.7263750910009028 0.6579422160748224 0.7313429793252382 0.3625163287088391 0.10956560449661104 0.13306686776705384 0.11476010774604636 0.22643084606875277 0.7196129931235783 0.6769713077988193 0.23623584245258097 0.2556694520459716 0.13788156473915716 0.13101737835574656 0.2206263227925263
511 16352 1.5596533484737896 1 0 0.7263750910009028 0.6579422160748224 0.7313429793252382 0.3625163287088391 0.10956560449661104 0.13306686776705384 0.11476010774604636 0.22643084606875277 0.7196129931235783 0.6769713077988193 0.23623584245258097 0.2556694520459716 0.13788156473915716 0.13101737835574656 0.2206263227925263
521 16672 1.6232388693835957 1 0 0.7263750910009028 0.6579422160748224 0.7313429793252382 0.3625163287088391 0.10956560449661104 0.13306686776705384 0.11476010774604636 0.22643084606875277 0.7196129931235783 0.6769713077988193 0.23623584245258097 0.2556694520459716 0.13788156473915716 0.13101737835574656 0.2206263227925263
531 16992 2.116295309069099 1 0 0.7263750910009028 0.6579422160748224 0.7313429793252382 0.32196804282387415 0.09199982028913749 0.13306686776705384 0.10384631999064041 0.2087164744729673 0.7196129931235783 0.6769713077988193 0.20773891386810941 0.20597089895697396 0.12699951348863955 0.11808706338191617 0.2206263227925263
541 17312 2.663898770928286 1 0 0.7263750910009028 0.6579422160748224 0.7313429793252382 0.2598262920583877 0.07177390421875238 0.10805311122256499 0.07808799207158201 0.14607052129574694 0.7196129931235783 0.6769713077988193 0.15202337827950319 0.15500526041693832 0.10284434772040518 0.07928188963710345 0.20578850117194356
551 17632 2.657392795901986 1 0 0.7263750910009028 0.6579422160748224 0.7313429793252382 0.2476888948215017 0.0672986845413303 0.10576787151674422 0.07767990079763613 0.13643264061793256 0.7196129931235783 0.6769713077988193 0.14851380060349573 0.141826010574579 0.09527325249226734 0.07796169497098752 0.19296949401797506
561 17952 2.461247056499093 1 0 0.7263750910009028 0.6579422160748224 0.7313429793252382 0.24751834235648998 0.0672986845413303 0.10576787151674422 0.07714558569379495 0.13643264061793256 0.7196129931235783 0.6769713077988193 0.1482531600014999 0.14064149254482303 0.09527325249226734 0.07620203777519761 0.19296949401797506
571 18272 2.459369798269207 1 0 0.7263750910009028 0.6579422160748224 0.7313429793252382 0.24751834235648998 0.0672986845413303 0.10576787151674422 0.07714558569379495 0.13643264061793256 0.7196129931235783 0.6769713077988193 0.1482531600014999 0.14064149254482303 0.0946180612006686 0.07620203777519761 0.19296949401797506
581 18592 2.518299547955015 1 0 0.7263750910009028 0.6579422160748224 0.7313429793252382 0.24751834235648998 0.0672986845413303 0.10576787151674422 0.07714558569379495 0.13643264061793256 0.7196129931235783 0.6769713077988193 0.1482531600014999 0.14064149254482303 0.0946180612006686 0.07620203777519761 0.19296949401797506
591 18912 2.6800001290498248 1 0 0.7263750910009028 0.6579422160748224 0.7313429793252382 0.24751834235648998 0.0672986845413303 0.10576787151674422 0.07714558569379495 0.13643264061793256 0.7196129931235783 0.6769713077988193 0.1482531600014999 0.14064149254482303 0.0946180612006686 0.07620203777519761 0.18399420335300407
601 19232 2.9661500841622193 1 0 0.7263750910009028 0.6579422160748224 0.7313429793252382 0.2273372927482146 0.0672986845413303 0.10576787151674422 0.07714558569379495 0.13643264061793256 0.7196129931235783 0.6769713077988193 0.1482531600014999 0.14064149254482303 0.0946180612006686 0.07620203777519761 0.1496853076357895
611 19552 3.7920383985642037 1 0 0.7263750910009028 0.6579422160748224 0.7313429793252382 0.1640774539205538 0.05159121634155426 0.08541855903252302 0.06568371612356086 0.12271865876545683 0.7196129931235783 0.6769713077988193 0.1090998280505436 0.1291033464410049 0.07235983414825026 0.06339123713014215 0.11107371602084047
621 19872 5.569120297947158 1 0 0.7263750910009028 0.6579422160748224 0.7313429793252382 0.12386051449451733 0.03843863355666415 0.06253780713742654 0.051174912722072856 0.08005483210190492 0.7196129931235783 0.6769713077988193 0.07836011985574265 0.09135306972366483 0.051858612939603886 0.04512962644454007 0.07438456014456221
630 20160 5.994347205271031 1 0 0.7263750910009028 0.6579422160748224 0.7313429793252382 0.10709784589900732 0.033178112659682464 0.06036890134651159 0.047114854297968974 0.07611474135760202 0.7196129931235783 0.6769713077988193 0.06357724118252361 0.08290910444775904 0.043579098993811335 0.03890697621325129 0.06793588986529712
