% # columns="iteration, evaluation, sigma, void, void,  stds==sigma*sigma_vec.scaling*sqrt(diag(C))", seed=467878, Sat Apr  4 01:43:29 2026, <python>{}</python>
1 32 0.34236606697978966 0 0 0.32854892141343617 0.33333333333333337 0.3307022301376319 0.3333333333333333 0.3228239537019557 0.31734332389153397 0.3333333333333333 0.3214238821429542 0.3333333333333333 0.3291761449352889 0.31357416086559164 0.3260848187474843 0.32126206020655945 0.3220894348450968 0.31404866848720314
2 64 0.35571041406421533 0 0 0.3333333333333333 0.3333333333333333 0.33333333333333326 0.33333333333333326 0.3333333333333333 0.3333333333333333 0.3333333333333333 0.33216191931559924 0.3333333333333333 0.33333333333333326 0.3182844838962742 0.3333333333333333 0.33079500692927544 0.32557645615914693 0.3333333333333333
3 96 0.3750159025923537 0 0 0.3333333333333333 0.33333333333333326 0.33333333333333326 0.33333333333333337 0.3333333333333333 0.33333333333333326 0.33333333333333337 0.3333333333333333 0.33333333333333337 0.33333333333333337 0.32444391369282943 0.3333333333333333 0.3333333333333333 0.3333333333333333 0.33333333333333337
11 352 0.49672265722708836 0 0 0.33333333333333337 0.33333333333333337 0.33333333333333326 0.3333333333333333 0.33333333333333337 0.3333333333333333 0.3333333333333333 0.33333333333333337 0.3333333333333333 0.3333333333333333 0.3333333333333333 0.3333333333333333 0.3333333333333333 0.3333333333333333 0.3333333333333333
21 672 0.47170500680130223 0 0 0.2785825521771507 0.2732701803315563 0.2767621074108114 0.3068604604884751 0.32152285240134826 0.3095790940184512 0.29992201000610075 0.33333333333333326 0.30661654703828145 0.32693706700405173 0.2914928923222964 0.3142032982345773 0.2944970496491754 0.3162149816673604 0.306428996579602
31 992 0.48726063203580966 0 0 0.25977693477540853 0.24864359329365537 0.2578207277076782 0.2665834088863508 0.3315553315135196 0.3324984864448237 0.31516566622120756 0.3292223583037432 0.2981538399638009 0.3114228316883971 0.2970329217481996 0.28279180603041426 0.29835312156246807 0.3248333072146035 0.3333333333333333
41 1312 0.3953812852644787 0 0 0.20496427534040068 0.1716871156909613 0.1822193692442728 0.2042295042974366 0.25842702619205604 0.2664021840144292 0.2594249019130673 0.2694000653761365 0.2195259537878405 0.22263391185036643 0.24987869021086367 0.2261734592389082 0.24257999230848054 0.2546860728582936 0.23959492983729158
51 1632 0.3547109151569045 0 0 0.1780650801845875 0.14885545841380565 0.14169011696692088 0.18114873306074886 0.2777612010991911 0.23814390075768543 0.2506796861071778 0.2271355055363066 0.15382743968613558 0.18412572703817603 0.2306583821650325 0.2022232768491688 0.21495347183675031 0.22033200865275696 0.21941439400028367
61 1952 0.34401947916604075 0 0 0.1618256820612436 0.14613909248727147 0.11881584409628229 0.1787352170791849 0.2555772072971494 0.23928011461280252 0.2484443047611196 0.23011571255216007 0.11486845683922017 0.1669225409299537 0.18937784323640153 0.21525488835641485 0.19105054984199715 0.22644297636326052 0.2038043691822203
71 2272 0.3060344387348501 0 0 0.13488822103772558 0.12588911513495366 0.09737230302297542 0.14234913141347533 0.20660235574221747 0.2241299559333964 0.22287315606853433 0.1846022643408265 0.07854330771790793 0.12155771592519025 0.1444938237061649 0.19261335128274862 0.1624302368915828 0.2047641819701412 0.17442966674169508
81 2592 0.2426057575870954 0 0 0.0973445985642215 0.10494659574233242 0.06988125376387974 0.10534045468171173 0.15154678369892244 0.1687941865780307 0.1756194240210753 0.14025959012686176 0.05803400600122011 0.07624817328916232 0.09283962683215809 0.14054663102663276 0.13570996374113872 0.16887139088315617 0.1442188158279294
91 2912 0.261079629840561 0 0 0.09940862284392811 0.12247198890945286 0.06879393737468867 0.10341644711636294 0.14458337085005435 0.1842280350582109 0.18476607665836806 0.15121625609171 0.053304273506423465 0.08157220496215219 0.08819420314132953 0.12727283675598156 0.14638353287771821 0.17354644435094937 0.14498228911850153
101 3232 0.19300199887550162 0 0 0.06351247938175103 0.09067598373029509 0.051392560286797416 0.07088723420035525 0.10309448110413832 0.1396757847775811 0.1314414730927519 0.10896844163961404 0.0376391423698877 0.056869865112600525 0.06055670154556481 0.07844319206066089 0.10386505963230261 0.13195343418929306 0.11265758454612
111 3552 0.1867235738561593 0 0 0.05008612654760858 0.0809519065055943 0.0455540976777168 0.056177295039730235 0.07938622913202031 0.13170254290270691 0.12435604255852686 0.10449759342608848 0.03638102298568292 0.0529365066425513 0.05390417604354903 0.08113897490533663 0.09754302727269314 0.12580912607061423 0.1160545425914173
121 3872 0.16350999221437135 0 0 0.04131991413396282 0.06477415819002405 0.03758670636725174 0.04094036472968564 0.06322996400553012 0.11683424152340595 0.10636136583834192 0.103267361414594 0.030019353424416348 0.0486050433364144 0.04800767654460547 0.0651706670554845 0.09050737233365679 0.1213075650854001 0.10339390377651807
131 4192 0.16501003854597296 0 0 0.03418935893524742 0.055706797001898435 0.03348878135218722 0.03688787766596422 0.05497702112155827 0.10953539820871933 0.11422916259597496 0.11319551042372797 0.031192472675021718 0.051357297158371146 0.05189407676048145 0.06460086909533394 0.10260231964958631 0.12203700865158218 0.1080171755026247
141 4512 0.16645193778887596 0 0 0.032568085975974714 0.050552768524873906 0.029756145456511104 0.03345160622845328 0.04754383691681174 0.11187479711837549 0.11384680864094503 0.11491794109955607 0.032989024469810106 0.05148406451807604 0.052831640902943726 0.06775910031607095 0.10004053100844072 0.12350399819605033 0.09955599721562972
151 4832 0.1599588016515589 0 0 0.027632247377558868 0.043312929824037304 0.024568907026976203 0.02763190344300801 0.04475687879082298 0.10611156850085379 0.10228547391467381 0.10909523147634878 0.0316158320377517 0.044169467274307414 0.05066308552791282 0.0632215149050437 0.09487888413692627 0.11943271913553687 0.10076360662640949
161 5152 0.13844389953108466 0 0 0.021503836910503907 0.038417001548886706 0.01858767398501932 0.022819427129712782 0.03718899960890947 0.08680554825576141 0.08757397569142208 0.09840546646752868 0.031019171643179282 0.03568758352184172 0.04421470138892926 0.05651675406409628 0.08308665845951715 0.10791389759270968 0.09032027167379404
171 5472 0.139024967698919 0 0 0.02357455192783977 0.03401181637634787 0.018297648832038906 0.020036944381138597 0.03572260340553085 0.07826148587928836 0.09190005143957967 0.09529114077778054 0.03012206878984173 0.03739277596692777 0.046689220506806635 0.05698581089744864 0.08889476546501075 0.10856357291190293 0.0964721991790846
181 5792 0.1215267336223609 0 0 0.021520456760676293 0.03138874904628994 0.014297572212413451 0.018174055812589424 0.029071374011197474 0.06285424697715213 0.07563215450858958 0.08604797097023716 0.02526993494461502 0.03880320475761704 0.03889095033311735 0.05025226149207629 0.07213522412499446 0.11045075808303566 0.08013387145161492
191 6112 0.12008125384009848 0 0 0.02275410812500252 0.02714156053118712 0.012048063044755641 0.017957888610469378 0.026504327597839585 0.05716501546923766 0.08311722278938896 0.08683922932095438 0.023892215050107447 0.03847504433173398 0.03886384153090949 0.048050583565322144 0.07394036568107282 0.11489362428543015 0.08662973914847565
201 6432 0.11856371166883516 0 0 0.022805518606532897 0.02490027751884798 0.010336532698412424 0.017651100784646788 0.022774786484957323 0.05330413520703021 0.08831370851501255 0.08754396682438388 0.022338083243387402 0.03923252722097787 0.042397209773548966 0.0420334644601264 0.08121444706797033 0.11452106391663124 0.09133165519103785
211 6752 0.14794025308257186 0 0 0.028169971580479736 0.031068607030597255 0.011575016289539986 0.023123337778751845 0.02823831491506745 0.06502509107808625 0.1110559527036806 0.10685127203907831 0.028696494466610527 0.04778060361906185 0.05270026383672272 0.051460844217550504 0.10350871937898554 0.1617314882589155 0.10904923734506125
221 7072 0.15135191083931732 0 0 0.027021128306508456 0.02750098082713148 0.01139476826537403 0.02228776410134438 0.02703173452955889 0.06699007275809801 0.11065482121235648 0.09988708410378926 0.0289185886211259 0.045902342807874495 0.051130455573630176 0.05157966528941028 0.10705930268384682 0.15879694570063088 0.10754020734908046
231 7392 0.14442076079726326 0 0 0.025684301458838748 0.023221049818619725 0.009585441743220091 0.018930081320415963 0.02425147950059549 0.06551559305724378 0.10830924391149668 0.09018710606649838 0.028015342082744223 0.03968350801613456 0.04489665818847458 0.05216941537873031 0.0947641107680315 0.1465588951859263 0.10002829956961
241 7712 0.1396749077393424 0 0 0.023756857254078334 0.02283162026763325 0.008213840408101724 0.018794605849124797 0.023101104540288606 0.06313616674547616 0.11049339358064196 0.08584026179727466 0.026835793959591545 0.0351649367443135 0.04057944157512131 0.045205755015267676 0.09516296418092823 0.1503581199235517 0.09367500671237813
251 8032 0.10016108050838661 0 0 0.014966646284061705 0.014312988086627745 0.005128216359086896 0.012484070860140186 0.01629190557871111 0.04609108884202689 0.07497661910142193 0.06331358855394231 0.015712664381969547 0.024979855486360787 0.029217023912229485 0.032759349510096326 0.06780659075132789 0.10684893729094375 0.0668191839558036
261 8352 0.11050601771332809 0 0 0.015140390998070801 0.014988236396185845 0.0053392848907991225 0.012990799307800166 0.01642370308852796 0.053077855868518924 0.07801695739118059 0.07370563853727227 0.01671316880265424 0.026685234529408505 0.031168873218839148 0.0367544555893618 0.07434039365546996 0.10683341207451941 0.06969763700848298
271 8672 0.10565795788434801 0 0 0.014142537825621472 0.015279638485648239 0.004689459578143375 0.013429648394444795 0.014769742593750215 0.05385462194545418 0.07316455331690522 0.07127528694241798 0.016776206902846008 0.023368237787068917 0.03153715352779705 0.03798538961061382 0.06730018888022077 0.09945115003391014 0.06878844684398248
281 8992 0.10719933904901102 0 0 0.013873260775914425 0.013194998308624894 0.004579913943705503 0.011388467737728789 0.014124534714841507 0.054517286996731446 0.07763390904396664 0.06848191844536826 0.016633442820758664 0.023180422132928282 0.03338460306171063 0.0420166774260998 0.06989238745040656 0.11008153393857664 0.07239159947509487
291 9312 0.11683557166367496 0 0 0.014899321887280782 0.013388623813858462 0.0049183939980873195 0.011856574353485848 0.01512479947293777 0.05448954743406782 0.07729062818539717 0.07126880885329388 0.017077540772225862 0.02592404210353428 0.03421343258829615 0.04322298782348805 0.07285989685945207 0.12535024200423964 0.07209021718734167
301 9632 0.1335396159024552 0 0 0.016214537203416673 0.01465029043688388 0.004750784788813287 0.013247719056617296 0.01816411011843421 0.060576555817363625 0.09188072917140971 0.08083126623867776 0.0186335611801908 0.025371606463346453 0.04099541678689424 0.04915821531831524 0.0820291277509694 0.14741108392344435 0.08724976561809346
311 9952 0.11945483135789435 0 0 0.011118626730436747 0.013656940764421114 0.004405495438840099 0.012253134114498765 0.015539431345717409 0.05110601217238662 0.07728088816925906 0.07470345473369233 0.017879409352497374 0.023091085206899002 0.03831929227721023 0.04123284854274491 0.0770081962512193 0.13153512804958978 0.07851351333146465
321 10272 0.1538269216866552 0 0 0.013309503259383812 0.017849531853654843 0.00586363768406728 0.01570393766673411 0.020388150163053648 0.06796484680443504 0.10205496014473088 0.10113854480559487 0.02099561319592974 0.02909252437126797 0.04778636832587406 0.05202678683612619 0.10589717101728954 0.1806730657279836 0.09963729464147433
331 10592 0.15987267778089284 0 0 0.014008651622606682 0.01738857763438512 0.005533568576369222 0.01569724253000644 0.019197677527854014 0.07165313390209625 0.09765783689579115 0.10282243114231063 0.022170515364568655 0.029346480576487442 0.049252868537517175 0.05422919224132302 0.11224945099782493 0.2086536376986834 0.1115574646916711
341 10912 0.17799407411062024 0 0 0.01365917798713944 0.01940115945717746 0.005861516879980762 0.01801298792512668 0.021061113657013377 0.08166269971096503 0.10678517367748548 0.12549623929870174 0.023558664120319782 0.02924233178478065 0.059096347415723935 0.060218757691536576 0.12751388732351082 0.230257769124136 0.1203745987313394
351 11232 0.21174442628791335 0 0 0.01371299409224276 0.022318202090813425 0.006740996898971337 0.02118869371072018 0.022146555248699736 0.09846695185054863 0.12932818577509342 0.14945986958134042 0.027952277111547488 0.03412950157840408 0.06572506651246224 0.06788150089834369 0.1518647481444535 0.3003871998583513 0.14085281833768185
361 11552 0.24446909274139225 0 0 0.01626555019392773 0.023415364200348232 0.006970141466875619 0.022178478246563795 0.022158724692115637 0.10816386402001317 0.14265099504464973 0.14775642011346313 0.030760188640569563 0.03716560935891819 0.05971791277131829 0.07608610209194393 0.16253108856691445 0.3129923677435809 0.1470682934244217
371 11872 0.19923141493275306 0 0 0.012011037763571757 0.01949401414882866 0.005494587503044212 0.018370811136985188 0.01692543410520809 0.09141125179345416 0.10763788583921834 0.11830654609765281 0.027924517042705724 0.02769512658269384 0.04037484554535293 0.058310291295402605 0.13792949190561044 0.2517747865386561 0.12018107009641495
381 12192 0.22775844538382672 0 0 0.012055773315521537 0.0197576589859202 0.006106281712341335 0.01830293369073105 0.01950683442434694 0.10722375388047853 0.12702592422416178 0.1274745277691487 0.030083553091528718 0.030055085177450692 0.044244646402917 0.06319327031242628 0.15046585773283153 0.28172288072116164 0.13512493820299543
391 12512 0.19645082991527513 0 0 0.009835109796735115 0.015134704956071764 0.004942677403007096 0.014385078758064334 0.017167797070157045 0.0881851447486341 0.10249587196355593 0.1004928948887528 0.025409640875681497 0.02531266019160824 0.03719535013635066 0.0546008226326142 0.1159586580104185 0.23244128827146213 0.11208801770360287
401 12832 0.20903419704558793 0 0 0.010974971821952983 0.014535655595041323 0.005075263123603685 0.013562819302675909 0.01698969583856409 0.09210443060916895 0.11738054243883454 0.10476183816958425 0.02689974355891245 0.027556633950227775 0.04054219201714655 0.058906473587015236 0.13258903558158977 0.250302982407767 0.11378909530486288
411 13152 0.19848603131835166 0 0 0.009965929307222126 0.01122017055020481 0.004045810639955993 0.010372469953698837 0.015456093522380822 0.08726503246152718 0.11246493688342764 0.10006323685982377 0.025859295764806025 0.02707146550985197 0.03710780941775281 0.05629439426134409 0.10977401783168127 0.2223868542977765 0.09421969829289023
421 13472 0.27091277708565115 0 0 0.013443505015242715 0.01472270529325647 0.005233000924753205 0.01328914328435187 0.021433528709962048 0.12003421938757758 0.1752658875375309 0.1367220444407903 0.03513128215395714 0.03633141489499167 0.05472998932770308 0.06536276631210404 0.15780986891887605 0.297250051493311 0.13544515436411436
431 13792 0.2911579355378008 0 0 0.012665791121647391 0.01424715506180941 0.0053934733829030315 0.012976884094647468 0.02165841353018053 0.12881894030869273 0.18969291346439077 0.13502263979648071 0.03846542853285283 0.04123177191344076 0.05499437038882297 0.06913664158648704 0.1641959975364749 0.29127941327377066 0.12837631707792485
441 14112 0.25511057586442687 0 0 0.01189467574355633 0.012007187020479846 0.004592604007387749 0.01132007510646285 0.016264395427377266 0.1123139283821888 0.1671613884720245 0.11723603936610623 0.03194809896058291 0.030619559212647734 0.048159299479044786 0.062078481170358496 0.14335767901318297 0.26196650042645625 0.12004581052698615
451 14432 0.26516992215088586 0 0 0.011313826758219903 0.011935974350319754 0.0045031425065417295 0.011161209237796422 0.015450816973866117 0.11289224535171556 0.175799202461223 0.11852552856105308 0.03079310763406511 0.031838967815894716 0.049261775314568886 0.05992139404940126 0.147295384244422 0.28388752606657236 0.12082406819350434
461 14752 0.315709363899345 0 0 0.01269767700282141 0.012607583171160997 0.004955694673312951 0.011876340685999303 0.01771781861183621 0.1254906747753913 0.20076326500442687 0.13093782707161636 0.036298548316016144 0.03687328010159165 0.06013213208786879 0.06801936710109863 0.1641801530550503 0.31884988083484567 0.135923850148009
471 15072 0.3340422568709836 0 0 0.012708811101527863 0.013680360439170973 0.004684105481277815 0.012808502822573809 0.017984382595991014 0.13027244527156634 0.21275277958749267 0.13664757710981307 0.03613163054621353 0.03718691018028349 0.06583428472873865 0.06995013952618231 0.1671117746662165 0.30467317415854417 0.13631505297980054
481 15392 0.31598828720791866 0 0 0.011871915387603713 0.01210554407511834 0.004507249448378524 0.011818352389052865 0.017473056023752116 0.12224249633552647 0.21371789659421184 0.12545660097146205 0.03469091262949432 0.03456923009895304 0.06390844008447547 0.06428297419677084 0.15721943415097203 0.2811276533594966 0.1255692704551345
491 15712 0.39159836236927914 0 0 0.015447820811827748 0.014558320768811956 0.005080303268595159 0.01443547649617193 0.01947584237256397 0.1391207075179753 0.24202008750883286 0.14941900871592398 0.0437512509354416 0.040456191154308985 0.0744749402500618 0.07623697238873035 0.19706384728757673 0.3299678518570237 0.1397943094723335
501 16032 0.3341734522230422 0 0 0.012467377997052527 0.01133622934696338 0.003894382582988454 0.01145388957208006 0.01602455151579395 0.11179958015156058 0.19399093950565918 0.1159572160696044 0.03363049420668655 0.032392438828272925 0.05687722805576931 0.05754568124823437 0.1686123266840146 0.2716189940336976 0.10774580793757117
511 16352 0.23464553806510166 0 0 0.008595533195598247 0.007943044574017273 0.0026942727750256844 0.00811254366924379 0.010160462818689741 0.0726030360133837 0.1332456154315947 0.07536286932857533 0.021030808754761002 0.022240026370183463 0.03712593057030067 0.037789708356303096 0.12024349963892556 0.17999153546916802 0.07281077118538049
521 16672 0.2665124674286518 0 0 0.0101657682706437 0.009319331918768695 0.002935936816059457 0.009109150148208513 0.011373231577696229 0.07867505424466892 0.14424914342159356 0.08056830606620359 0.021716463252969574 0.02537218589038095 0.03529570147004986 0.04088730845448292 0.13258280372626532 0.1977831106527009 0.08110790556675153
531 16992 0.2328857666033983 0 0 0.009273559574062274 0.007416314509798147 0.0024528105825315214 0.007793519429963535 0.009279947235280578 0.07019570571879363 0.12768602245689892 0.06817174929363286 0.01850235847534893 0.020485162664836264 0.02608538942269108 0.03676967787980491 0.11492874406071989 0.16232733721158038 0.06566689717357901
541 17312 0.24536218723406164 0 0 0.009506435311917506 0.007691631229543272 0.002409915419468043 0.007835335750469815 0.008870658362062397 0.06760923115220345 0.13595385072340804 0.07032357473233009 0.018871288377490324 0.019584639914015146 0.02607858726701441 0.03824862938324514 0.11374656731435091 0.17333689262393528 0.06918209064476262
551 17632 0.23660740339861963 0 0 0.00864431774266 0.007747765454731328 0.0024822075370066177 0.00785428627527751 0.007843088790479591 0.06887987912842 0.13085768496065067 0.06399180644642927 0.018596771555658576 0.016200466703106868 0.025708128860354992 0.037631507791434954 0.10404902885450691 0.17004605813009296 0.0643451089493341
561 17952 0.25458310342606627 0 0 0.00930452093333208 0.0076512330317804805 0.002586350795442139 0.007840057170890872 0.007907485798358272 0.07617138231304899 0.13626311341667796 0.06359787414179789 0.01911834968956353 0.016795926305627536 0.025126555609841537 0.04057560145057855 0.11032230559428044 0.17916712664407164 0.0651047490045278
571 18272 0.36823970173460957 0 0 0.013450157153693854 0.010515170016285037 0.003459955704868673 0.01096569931483063 0.013880901609472102 0.1315262088774336 0.20236475889514477 0.10326805455469286 0.024716201713830925 0.026968589098984044 0.03744086701665944 0.0560579912512503 0.16426648116900425 0.27045498191714684 0.09136766106762707
581 18592 0.5250829438949931 0 0 0.017370813921685806 0.014433506863182958 0.004611683581429589 0.014853527317649731 0.019013391661193996 0.16166963675621043 0.28333745929021437 0.15088063752088568 0.03594408056221879 0.037859769396094624 0.05191476043638914 0.07705214709320397 0.24638731599222136 0.33333333333333326 0.1227062719126565
591 18912 0.5411823742657667 0 0 0.017611396916255212 0.01374456312646483 0.0047562582575262765 0.014416702625652514 0.02022600563941061 0.17943920071103206 0.2560848303741565 0.14313023692534818 0.029858041828999395 0.039919662141166615 0.0467795494094876 0.07470079241020892 0.2423530736960022 0.3277079976251945 0.11353032710698885
601 19232 0.4990978360493946 0 0 0.015565712018334388 0.011361602665984632 0.004206423798863195 0.011662296463378661 0.015676946455953942 0.1494478994170726 0.2303653834821728 0.13024018780049273 0.024993391149221916 0.03382669536701212 0.03977423782964752 0.06614508305152822 0.21086246500660003 0.2694967001192556 0.0977672119200764
610 19520 0.5709852447869704 0 0 0.018724921624138687 0.012758459013163317 0.004488792510451955 0.012729871564872413 0.01514718230557011 0.1714141981235591 0.2376534501306089 0.15298123530964436 0.027575772868411005 0.03971909878951922 0.04340627927504304 0.06979815097745243 0.24014860599418925 0.3204161248622723 0.10382157355959251
