% # columns="iteration, evaluation, void, void, void, xmean", seed=284702, Fri Apr  3 02:55:30 2026, <python>{}</python> # scaling_of_variables: 1, typical_x: 0
1 32 0 0 0 0.3538265409054366 1.0127236421665138 0.8171691885899601 0.5914222597872626 0.3327712928888115 0.14082427703954795 0.09145097512009676 0.769629444018863 0.3467103472151337 0.7728347048962324 0.0483014080372695 0.8152206685040652 0.8249745720178817 0.17287238567363733 0.08948691374067512
2 64 0 0 0 0.18944250965652346 0.7299853052923311 0.826913219452931 0.41868055387162073 0.17388296307009865 -0.09240022116709354 -0.15465638013616026 0.7900891983222725 0.1972856207243844 0.6531384990028359 0.04924271117925935 0.8143687425965517 0.9971104938674296 0.07624300243585393 0.019037099997629273
3 96 0 0 0 0.13732375661572455 0.5173594083164506 0.7109496202462411 0.27288875300297577 0.22151968860203955 0.010796267160890279 -0.1988378681431825 0.8304075401809987 0.05041165481684671 0.4137001982718898 0.021287591452644073 0.9198898877267794 1.0590677278008664 0.14094019066075905 -0.11619473889402486
11 352 0 0 0 -0.03974461750627678 -0.10688660928661002 0.09246133909173203 0.19122196285899198 0.23574216540955745 0.06558254821068506 -0.10833799835075468 0.3089032379527282 0.22255724971511706 -0.05753188156335507 -0.0013443435276310266 1.1704627821266362 1.2698913590158012 0.4652787491171568 -0.21722256167584325
21 672 0 0 0 -0.023779925913031345 -0.24659852578114624 0.13017786151694208 0.05353488390403935 0.21234758267491527 -0.7252474865062337 -0.008476897932324512 0.6814872735795334 0.35376830312793167 0.2352694916059392 0.09934309318570694 1.0147330340761995 0.9458249133480584 -0.030373519116157512 -0.19832782643826075
31 992 0 0 0 0.03327412187283402 -0.1765782270825899 0.27948040778733757 -0.03169346742617281 0.41365005689983364 -0.8155985111710229 -0.4622239698401112 0.21518805161344898 0.45392928630964324 0.29813947658087747 0.2705444001595178 0.5850272042109962 0.9194379545239307 0.12387038388299608 -0.5839989035769372
41 1312 0 0 0 -0.027904056771014943 -0.0013567765662137407 0.3522929090142538 -0.10508988795821068 0.4541887106926693 -0.7492068182256608 -0.4584355815822329 0.20634853954771165 0.6233442176194175 0.2525446779032824 0.4376211392861642 0.7690396502504638 0.6621065393799495 -0.051471351252396214 -0.5785256385439078
51 1632 0 0 0 -0.1047953041863167 -0.06283522547992992 0.4093248236737284 -0.0961104958140571 0.6415028328102073 -0.46216799745926523 -0.10134506785342652 0.03791548054189068 0.7358843774888756 0.3204789329388985 0.5258056115971309 0.6173919539333922 0.8747054004438483 0.0760242067587226 -0.3160202181996187
61 1952 0 0 0 -0.04219879556345938 -0.04093289580210813 0.3925575008337696 -0.22369349197237665 0.4102122477358304 -0.014875963591852568 -0.3921965870362966 -0.2773088813468621 0.6807954528686738 0.30145739970930807 0.42843135107186797 0.48340537284478746 1.0562056404027165 0.37309185168744574 -0.5169957740437258
71 2272 0 0 0 -0.07056173320485463 -0.045945823119061285 0.3922685046334327 -0.2970127996617739 0.3367106632424818 0.32709500101850497 -0.17514459035206276 -0.49459987411815537 0.6768724863697644 0.2856258435233115 0.5648448726866694 0.6339311127816305 0.7746307764876034 0.38206211710567783 -0.6801669478216547
81 2592 0 0 0 -0.047933063669499065 -0.06595691305177355 0.3925612501595606 -0.44987837321559604 0.24368238090502314 0.6133778862982074 -0.21321099126991216 -0.6680540542406781 0.6811617892069319 0.31298317895303246 0.35951977677431485 0.6482639832918684 0.7224897673224294 0.5067797718512626 -0.7755422783452764
91 2912 0 0 0 0.008858292125959767 -0.10468037624249713 0.3997224792129627 -0.43856746231095156 0.3179857639388772 0.5384998701167215 -0.28955691204207545 -0.5871988591352157 0.6600920811230131 0.28538267322014715 0.23977194676364272 0.5369428787190048 0.7862569229453729 0.5168863234124897 -0.9119488016430937
101 3232 0 0 0 0.011867999488376019 -0.10385682045267339 0.4045700854980675 -0.4773805592881885 0.4193454527756875 0.6354250139889911 -0.1443957058357367 -0.5720219869320722 0.6759543459930987 0.29433566680383594 0.24290178608736301 0.4972245082284847 0.7927763862514112 0.5582763310829807 -0.8313131161896734
111 3552 0 0 0 0.02790411651638795 -0.14138628063434708 0.4005085064975873 -0.45745554002958827 0.5366579976793192 0.39322808720145636 -0.1999157436133086 -0.4883485456666785 0.6210007331208574 0.28668768086500246 0.2531555898058919 0.39864405946565207 0.7687020253893638 0.4230605262463282 -0.8062963642267404
121 3872 0 0 0 0.03536787925900219 -0.10996719790349045 0.4037597181884162 -0.4947016486046783 0.5295087300652548 0.320415732298025 -0.1212406605245507 -0.3597191533588043 0.6618039069410067 0.3069853498811234 0.3014054409354746 0.4347811275342545 0.7635309919588426 0.2681352369905607 -0.7635718153333779
131 4192 0 0 0 0.021924677637191376 -0.11829400033099974 0.3957154171169832 -0.4200956408554205 0.5704914605809966 0.2503526826151163 -0.12779024370519942 -0.2742728725572137 0.666252667259421 0.32274062129423 0.3580565852343146 0.43342595368494985 0.7436033351545472 0.2560606458298596 -0.7693922548027757
141 4512 0 0 0 0.032439942050066804 -0.13183090690500257 0.39612035389334854 -0.4306052278381779 0.5820051046286706 0.22521080284097375 -0.08751957070634772 -0.15741480314992762 0.5993867244007778 0.2938613125202858 0.3127336047668847 0.5396136246848949 0.5556427257239508 0.24819592999029683 -0.8987454423208027
151 4832 0 0 0 0.05541832987479194 -0.12667580987371818 0.40107047384458067 -0.4604726439870663 0.5835447176049033 0.17086919212143045 0.060171167204803803 -0.004056503490738312 0.5744907532409703 0.2970819909628069 0.35153593094479174 0.627766711252145 0.5059815081735936 0.08864418697995766 -0.93165468549169
161 5152 0 0 0 0.021967530103098716 -0.13262436690385748 0.40015113859636237 -0.45696172655299533 0.5722827455437274 0.13961240702731395 0.09786281786620069 0.001066343740879334 0.5675290472500052 0.3187239841052875 0.35751290252538304 0.604128293403777 0.46561567614466914 0.09432942843896804 -0.9125943269291521
171 5472 0 0 0 0.057238086070228414 -0.11196701017194229 0.3963820123556311 -0.4253813986864903 0.6930607817549453 0.04653918628173943 0.11869142700152875 0.19920036656895354 0.5553100940638527 0.3442063776872022 0.3707209843364531 0.5986854357299766 0.6037942491846476 0.025462705939863637 -0.8361735994776455
181 5792 0 0 0 0.05284494047526936 -0.12366426916792196 0.4021627984476145 -0.4469806380661776 0.7268613336684918 0.16799472823431677 0.21792043425640528 0.0930954022412424 0.5619469280159414 0.3496579362040255 0.4724154540191268 0.4437973833867317 0.6144927241983644 0.20209841094558567 -0.7754682086997128
191 6112 0 0 0 0.03431307933719867 -0.12935239062995327 0.39704881369584416 -0.3848594690342266 0.6872326562524225 0.060581912816029364 0.18067635509160124 0.1499014227125286 0.5831376453033504 0.331178561286086 0.5129027574781233 0.549988622565639 0.5145318440796537 0.008759536911171683 -0.6855498962446049
201 6432 0 0 0 0.05197735502431538 -0.12973926176968867 0.4030286290569939 -0.4435646975702496 0.6591848940584568 0.12428579375654762 0.15025581263348683 0.18862488871903887 0.5730862180289183 0.3449879407210835 0.47366933997824123 0.4617516059009178 0.5792677346757051 0.024487721916485416 -0.7484073882222793
211 6752 0 0 0 0.03355328071211083 -0.12084181757206401 0.39812199034221113 -0.4388658202140587 0.7147480476600596 0.13353600061443985 0.1320655442678505 0.09727876906253623 0.5955382341877378 0.33786500322848495 0.44572175225808525 0.4088425717925147 0.5600833579304522 0.02441188535729739 -0.8116064670046345
221 7072 0 0 0 0.03474858386954102 -0.12643165327382966 0.39907411724082187 -0.384664338855542 0.6980587551507517 0.1907155745521108 0.2008788727791825 0.1552550491343729 0.5783948866694355 0.3392431344717887 0.4097668212798162 0.4711322152644625 0.637349610498263 0.1109243247203884 -0.9031842777521473
231 7392 0 0 0 0.047831353540868544 -0.12283511608607779 0.39993534042995177 -0.4588483978974296 0.570761972901497 -0.09083075394759682 -0.09863053988347667 0.2170411035354179 0.5710450134140932 0.3398356883409236 0.3435228914063407 0.46886361470664994 0.44287600520289055 -0.07409636439942008 -1.081239370330214
241 7712 0 0 0 0.0013570135872035033 -0.1176040675622303 0.3989332275599948 -0.49079455288855217 0.6800102928645708 -0.18649075102924548 -0.05662513087288027 0.3217345944632469 0.5835531535333022 0.270397285578258 0.5105477728319104 0.5215357714723228 0.6139699139491909 -0.3826050954475302 -0.8576676125277779
251 8032 0 0 0 0.02581699217454287 -0.13635831358615652 0.3993849547425372 -0.579010320082106 0.6273900850140592 0.17512690897286293 0.2899015376709629 0.5817765632456791 0.5585892588067431 0.2946585357552507 0.43431772503454785 0.6433140302378253 0.8100154701085527 -0.45292351728390445 -1.0675275190445257
261 8352 0 0 0 0.018136345893358115 -0.13168666439560542 0.40322337024448807 -0.6544724337283708 0.34817084983332536 0.13538149187594503 -0.14671180207693407 0.47102890995021607 0.580895474496028 0.2696635452145375 0.33625636934078484 0.638809745897223 0.850286613172217 -0.566326178999768 -1.2326133927093195
271 8672 0 0 0 -0.01692368902401518 -0.1300963841970403 0.39905518283707914 -0.5333073734298795 0.3065338126649199 0.3763036967249076 -0.3591383976522631 0.3169054253239771 0.6146699765166108 0.24870850722947002 0.4279544491742063 0.5824033405520639 0.8323517207600634 -0.6729033591760962 -1.2685597577144159
281 8992 0 0 0 -0.03721972094186046 -0.11333146506378013 0.40342773593703735 -0.4950711811955402 0.4681732174392795 -0.11315852358561708 -0.7383248472441208 0.327014797610531 0.6332251382544228 0.3037178441087297 0.23303860551886119 0.29107456700699164 1.0412219529433808 -0.5497641921815509 -1.164055455845987
291 9312 0 0 0 -0.11119605164374702 -0.11299849439580927 0.3911308205476347 -0.1623056855793258 0.9100682633650657 -0.7831498671821322 -0.6560611239178092 1.0166262925301794 0.6135108824363201 0.3969315573491861 0.20321289659290642 0.48627761619027615 1.1527721638745985 -0.6327208419859307 -1.161317475282496
301 9632 0 0 0 -0.12460818040416229 -0.1228309849154625 0.3930355512233842 -0.22971325061039882 1.1573672707101754 0.0702091892186165 -0.08660429785483423 0.5249839190024918 0.6463596219861254 0.4033376445193959 -0.0067531869083877795 0.1021340264150827 1.4804987049101919 0.034102147891504994 -1.3423132715834654
311 9952 0 0 0 -0.11050734316185234 -0.12253868357303961 0.3890808821565167 -0.45327285421516805 1.0076400600860913 0.28050410508978846 0.0718924016301174 0.39885126093710827 0.5976588522727733 0.41081564816791816 0.1486490946863332 0.3223679582506031 1.1921016349620224 -0.12841371213853303 -1.3420985737922058
321 10272 0 0 0 -0.06794146982981708 -0.1225002796485881 0.3897493005066411 -0.8070966924492483 0.422550971186031 0.1306486982168852 -0.49550339100314755 0.14095147957677082 0.6130130406990986 0.3018444305622161 0.5843754876996777 0.5086104120678062 0.8512149568035152 -0.5427634750182 -1.393432780379198
331 10592 0 0 0 -0.14179496348226245 -0.12479116166092898 0.3934193313002846 -0.636758132790728 0.6568666397218216 -0.11026272926149881 -0.5895880542018286 0.4162532964126809 0.6073822090091475 0.2962060579552666 0.676887381622115 0.34166659522596987 1.1224272380877298 -0.617770694767787 -0.9070605285246868
341 10912 0 0 0 -0.12005248689705587 -0.12173259432171932 0.39698320638471196 -0.821916494093871 0.306596823102893 -0.1903928887179988 -0.5162509998571762 0.7688431760655869 0.5875450417220304 0.3385823724675509 0.8799186481352077 0.7214890642150545 0.8776390416641049 -0.9331626469267571 -1.0988694692688554
351 11232 0 0 0 -0.09902904008450227 -0.12456511841298276 0.4030846453782558 -0.7990053361251634 0.40771145060704395 -0.0814689442568288 -0.4518610441029786 0.6955302392518831 0.571105269128229 0.2852925302464676 0.5074000171167449 0.6665203223699254 1.255005343554918 -0.745635380956944 -1.0424959884434846
361 11552 0 0 0 -0.09210520770874221 -0.1250315102685766 0.4000933741515603 -0.8241145608915135 0.27285068588434785 0.0798464655241663 -0.489988198997299 0.6066809926365713 0.6083507309234168 0.263457795940266 0.6650405357186101 0.6899676393769968 1.147310456383624 -0.8527687643302053 -1.2999064878960738
371 11872 0 0 0 -0.05368315981226011 -0.12176284947844691 0.3985430478249861 -0.7115660217821503 0.5612817167019254 0.10140667367276748 -0.4744295217154182 0.4810121443143321 0.6189968426310278 0.23559183540921624 0.326022122211814 0.6031744622123842 1.6973118341273676 -0.6420096167785903 -1.1770852881879525
381 12192 0 0 0 -0.10039732461653458 -0.13033522665414976 0.4003360846443743 -0.3410705485893425 1.567422632728721 -0.23804818969597297 -0.5113513938186394 0.3676639284850833 0.5967594926867085 0.30686079445825887 -0.4266542866771791 -0.13821614136309768 2.0487999261685523 -0.25474954474787026 -1.4234328404748136
391 12512 0 0 0 -0.13324966253979664 -0.13105620010110675 0.4030162578440343 -0.4542321983272724 1.586258251092895 -0.21442559268753972 -0.6325996710080538 0.3060835118196118 0.6256957743571211 0.28967016973169435 -0.41621397483788575 -0.3384889634407436 1.9727736499889257 -0.38841752666616797 -1.6696851917507787
401 12832 0 0 0 -0.12323771922518596 -0.12463632862865072 0.40038267562991137 -0.27037767159959625 1.8156737193607448 -0.07854350879160069 -0.3876748924110504 0.04364128813080084 0.6485508107766055 0.2531603348696425 -0.9213546337132212 -0.7513333588754241 2.4436123235998495 0.1482441760378384 -1.8378026385785378
411 13152 0 0 0 -0.1397649430472694 -0.11911002069444439 0.3965721840439509 -0.6110234153331291 1.245081962898247 -0.10979571177031822 -1.0197306901493217 -0.12266034239695423 0.6513596541516518 0.2542463996571703 -0.8947323687679352 -0.6185283034515139 1.9136616748645054 -0.03269648397881712 -2.6540926911374556
421 13472 0 0 0 -0.1264092823409188 -0.13288022407467717 0.39582410874497376 -0.8652409992392571 1.0875265324431533 0.03726909573359654 -0.8986774073325325 0.21035294742362107 0.7089085752836589 0.301358935494816 -0.3377625873743283 -0.5596570241461652 1.8977645878280358 -0.4404598213559018 -2.4827586329956324
431 13792 0 0 0 -0.11152599332697444 -0.12689195613976958 0.4017714732430828 -1.0330685281016656 0.8985811392386038 -0.3373447818858603 -1.4669761621019033 0.3622837752668724 0.7229593647519834 0.242988379296371 -0.5476038887059677 -0.7193805021935099 2.1632819245629524 -0.6582809213340916 -2.935628446568143
441 14112 0 0 0 -0.1311352888492387 -0.12082686876992672 0.39672371713404253 -1.3396653525227467 0.4849095327420262 -0.23358949578476498 -1.6847785574468381 -0.06256972325446128 0.7042011042500073 0.2744592664678266 -0.418411070910886 -0.28445857144509185 1.3376532967877108 -0.6847827661674291 -3.104487580961116
451 14432 0 0 0 -0.08618980617211605 -0.11949974330819278 0.39640828772351566 -1.370661661968946 0.3585326281591225 -0.5121955201294351 -1.8080293790008775 0.2859201535538329 0.7337996986732309 0.307277819447091 -0.03873019925082989 0.02034361397102925 1.1118073117108138 -0.9530222170063035 -2.9264991469911146
461 14752 0 0 0 -0.14148007527874354 -0.12092351267123205 0.39495748657618585 -1.2624863741901142 0.6607388226971025 -0.2641198257109846 -1.6041720241908757 -0.19860598744499394 0.7548523229218259 0.3313016173038365 -0.22618514808017914 -0.16408277488523404 1.1302145259359258 -0.5727898193700575 -3.101023584525772
471 15072 0 0 0 -0.15787757699614235 -0.12430472548956203 0.39525163310847095 -1.1452131057479304 0.5891123367892581 -0.045564293054871335 -1.4827545772428812 -0.16039929545297332 0.6942988098739395 0.26921368425525094 -0.4283711921301349 -0.36259824498006565 1.3697523351400582 -0.468233554351315 -3.1990916876330084
481 15392 0 0 0 -0.14738471439963666 -0.11828400450497327 0.39552307694539074 -1.6440597603726383 0.24692282079299363 -0.10302191313493934 -1.714699764324074 -0.12993511065429217 0.6679918772685312 0.3056279618817994 0.034947261445263236 -0.11525892085100285 0.8690572207363787 -0.7677234379493597 -3.1889979040890806
491 15712 0 0 0 -0.15109373308884366 -0.12368937367612233 0.3953010490917788 -1.336528736832976 0.7056413047867495 0.22266652588268504 -1.2640890167700864 -0.62005444117953 0.7235416596365021 0.2903898338263099 -0.4741963619830458 -0.7657836890527276 1.2775944963219525 -0.10217985680873966 -3.2788047287474686
501 16032 0 0 0 -0.1497568336394506 -0.1308411785651568 0.4023341572777131 -1.4360039056440124 0.48534498037804963 0.5558621130213414 -1.4014881174415983 -1.0741970867123298 0.7442901100508345 0.2974836392321466 -0.8672553471675529 -1.1989312771369014 1.3732079397731363 0.2465806939709642 -3.6846806318122254
511 16352 0 0 0 -0.13866227992125765 -0.13083518265500013 0.3976180215537778 -1.28878002398698 0.31907908828302206 0.6296061396486454 -1.557715627102516 -1.276951939589578 0.720355064332968 0.2705178422293529 -1.0161993185886866 -0.8080181287847645 1.2619795959479148 0.3134196571117365 -3.7639262963507187
521 16672 0 0 0 -0.12087952046744674 -0.1256153879622366 0.39648765512491446 -1.4028176117857052 0.125627230038916 0.5525008197021207 -1.6650987372658335 -1.0951896823936458 0.7095387987322722 0.3360830516324068 -0.8357940023758101 -0.38344585012738214 1.0326266881721207 0.07962716061067718 -3.710380389861206
531 16992 0 0 0 -0.13610281117341408 -0.12399917340024695 0.3965546849459603 -1.6760886018474999 -0.4132229114614854 0.6910676148774656 -1.9517254707089051 -1.2024049763505877 0.6982922393724388 0.33562677321690143 -0.41781839059278125 0.20475199494786767 0.660671681635737 -0.17967187392748762 -3.802096608333803
541 17312 0 0 0 -0.06640621547072244 -0.1255314687462935 0.3986286982731083 -2.055996973613757 -0.7316808386144905 0.3129975347453693 -2.26618263086226 -0.27332774494771045 0.6468301702457625 0.3484411548454492 -0.11796397356428065 0.7218471951798677 0.47183627444118365 -0.9376524291352055 -4.203219876935109
551 17632 0 0 0 -0.10432161936906025 -0.1251485956516097 0.39722724008901433 -1.3525460472989954 -0.09060219389154103 0.2663375555464513 -1.8340468631705376 -0.5077552204152077 0.7412518935517477 0.3543365965066544 -0.5067145731554189 0.1682649632793247 0.9648677868724551 -0.46139990699800026 -3.941394968587225
561 17952 0 0 0 -0.08662845456595773 -0.12123984602474894 0.3948460539676049 -1.481695838376938 0.03922210809533691 0.28047879510801066 -1.8870712053269845 -0.5039760647894878 0.7509797068524959 0.3588098571657683 -0.7004888594589671 0.16340763881076997 1.038280369360051 -0.5136677011602171 -4.326466629732528
571 18272 0 0 0 -0.13879129056267558 -0.1282383952655845 0.40046244439072703 -1.3109564283867623 0.16196431231382435 0.4530764107286496 -1.6400548823211578 -0.6888288348074912 0.7363238425786276 0.32640053627357707 -0.6482622070247462 0.020625996972270563 1.0941671444654348 -0.2948486957951699 -3.8456541278383813
581 18592 0 0 0 -0.07511253241549024 -0.11840142578021447 0.40067589886655547 -1.3429374427528689 0.08931099292235564 0.03391080740780203 -1.6301842368443504 -0.2094142272663387 0.7578270008258532 0.3482171552636364 -0.24445383990502223 0.3305440480794106 0.7889866885179317 -0.6351733391062591 -3.7981733503083044
591 18912 0 0 0 -0.07932522542341262 -0.11540472952398625 0.39248996537644143 -1.3412684523490006 0.04622952236588721 0.20986930032657933 -1.5595347864876417 -0.21264955742363323 0.7491760549460407 0.39227401553278934 -0.3937504432335719 0.37016555766078896 0.7828721410821412 -0.5734927561644566 -4.002851853076327
601 19232 0 0 0 -0.11453269880658115 -0.13001418826672986 0.3957652793635128 -1.3197917995613757 0.12758049411997485 -0.04429595615488886 -1.604465825860104 -0.006396441854923436 0.7785600115644509 0.33819814640153767 0.16120126092591133 0.37786000317394264 0.7246299684217117 -0.8935188231271526 -3.228397011750085
611 19552 0 0 0 -0.06448104839359381 -0.12389800451852563 0.39384531433779224 -1.6747908723595974 -0.21148361743806912 0.021165775238109103 -1.7481296404396631 0.07881209313410166 0.7288705252643951 0.3600752468760557 0.35511043905106526 0.6796253244500021 0.3364942449374079 -1.068890460087584 -3.539036072894325
621 19872 0 0 0 0.013211506134294749 -0.13100269936643338 0.39783529027229414 -1.892539147310176 -0.3810505749654558 0.25952274815613097 -1.39262369828171 0.664251492241761 0.6316994878608214 0.2768476850535911 0.6156506441720173 1.022952204034171 -0.019329777678770546 -1.3794558430830275 -3.8611101059181308
630 20160 0 0 0 -0.018946730392185026 -0.12662237805765503 0.3918846196334931 -1.436447687983953 0.17729379719759894 0.10451893000805892 -1.1128781615413137 0.5266115925496467 0.620313638554244 0.3918865702975963 -0.06822835928344283 0.6035116970438856 0.5649001648258359 -0.8976610538013654 -3.9340520033541306
