% # columns="iter, evals, sigma, 0, fitness, xbest" seed=315580, Wed Mar 11 01:42:41 2026, <python>{}</python>
1 32 0.3462425153647179 0 29.545509981636428 0.7545902916105723 0.8237069568128231 0.7263707411328507 0.34268952134702935 0.5248280413860702 -0.05752296947455754 -0.008645343085200596 1.221717445871139 0.32069055405704816 0.18920500214919722 -0.020654959692160253 0.4491660679221451 1.1633084372430482 0.34729116967863194 -0.013089664011864677
2 64 0.36149596898036274 0 31.705713386923197 0.5872913370859866 0.4116271054314494 0.5951285986221302 0.8302959164965587 -0.241208263494997 -0.6072839305953117 0.5611867116053383 1.0767921038047394 0.07935163609442616 0.8263592509413714 -0.2906798394954458 0.6060195357283771 0.6459467135975372 0.29096493801462403 0.8537460123064043
3 96 0.37401207491258537 0 34.27805230795349 1.3009853636718625 0.6199490559143065 0.4902041989471018 0.30889150832263595 0.5543250386593511 0.5336702244222385 0.4061607751619185 0.6165945229621175 0.30885648621794537 0.9476777488067747 -0.44906731229306407 0.4330555114314921 0.6486509273853063 -0.4811937955404668 0.3390635244507787
11 352 0.3822671260252329 0 6.1036950676870365 0.561537830849332 0.7643125123764833 0.9475336621166808 0.3349550741830262 0.42748824763072696 0.44139188033783994 0.004151804536293269 0.12960774110673945 0.20042173906489674 -0.11234665539714866 0.05211884911784137 0.3606486903611556 0.527031390385063 0.01521553606875714 -0.031732034021183575
21 672 0.3017352516859881 0 -25.632664265240614 0.8731344379159984 0.8319464212054477 0.5489285926614259 0.03212361226505489 0.1437561369502502 0.11547619116965617 0.29932196182094317 -0.11778478558568946 0.2039185121721231 0.40946937220289403 -0.7111641352117656 0.6626597411478873 0.4788636567484412 -1.0658021074278394 0.5545782916104429
31 992 0.2693302985790999 0 -22.80959911639552 1.5029468030960436 0.9962570924059431 -0.182456753261575 0.48376206495630975 0.2769303749318373 0.2919064478177194 0.48017445580933305 0.06302038472126298 0.20564599286531204 0.5405345433054825 -0.5604392456046052 0.5496608524599709 0.5918423869755409 -0.5227345223714747 0.12349671377199822
41 1312 0.26132578964036135 0 -21.660417979051942 1.8371653419709708 1.673825251737839 -0.5302175938600225 0.48192613644634263 0.6359311074623055 -0.14332587520493623 0.8382409943874786 -0.2547735640834512 0.11510509736921351 0.5495593420879162 -1.664857690208033 0.24208038834736523 0.4284428604005923 -0.5080098832827452 -0.020855366943548392
51 1632 0.2354079767982958 0 -84.21786458024974 1.850160579090588 1.2251359833708737 -0.025327780561021307 0.15858318426475 1.1353306097097573 -0.49309655083846937 1.3292806804900799 -0.9580466230129956 0.03983554228343189 0.8183052167657558 -1.4753052837893226 0.29506380231108553 0.1997935870976215 0.05906778252895098 -0.04985859566881379
61 1952 0.2853597566046134 0 -83.13660264040614 1.2881808848021912 0.7309426076383989 -0.8209500187328916 0.2525099580178817 1.4664267601966279 -1.512800236394301 0.8513519463743701 -1.5849590867296326 -0.12120911963521863 0.8221850088832425 -0.3847075970619134 0.18161908788815959 0.20238438963070507 -0.36532809482427203 -0.9978393869843516
71 2272 0.2248745592756639 0 -47.41626173738248 2.034694371907892 1.1382885182313092 -0.6392001298434824 0.25624170642017 0.9602570430619528 -0.35349080409943007 1.5378489556524009 -1.5753073888227511 0.18716473669133193 0.7127088378900203 -1.00278890011666 0.4214595623903068 0.31800678192751997 -0.47816976668024963 -1.6705637269872884
81 2592 0.2280940113352864 0 -55.347232991648504 1.6633485232819758 1.4657210976023425 -0.8848232931546315 0.03602606764130099 1.2497876809686093 -0.5797509677414376 1.5481935777510196 -1.7158929227534312 0.2369181430381712 0.5370695103839048 -1.4394840238565478 0.36871252470171345 0.3610295775986103 -0.8833596043324436 -0.9288423053989747
91 2912 0.21126049848003806 0 -76.46009922922158 1.9720074898878772 1.2560620216753975 -0.8094256307993706 0.1892087033132053 1.1743045452555911 -0.7776841951100668 1.5949296150808692 -1.7087187573349518 0.0364623865991308 0.657642629003524 -1.5617900661065445 0.3063563230873937 0.3962576080604594 -0.40930001996592247 -1.10506583854053
101 3232 0.22874285237954708 0 -83.1465702850156 1.6678073317796778 1.0441353777497535 -0.562378376792813 0.18709040285922393 0.7685922554177901 -0.41814692268605724 1.3884189420252588 -2.4258845501824995 0.13694147356465922 0.6797350052981049 -1.0798287501513733 0.32765348910759284 0.33815744834803124 -0.8618488577281296 -0.5374945149216728
111 3552 0.22045588046019152 0 -85.77000001410715 1.370972037315924 0.6581318062080059 -1.3033381894162364 0.17518430197296783 0.8837929787708041 -0.8772116379483036 2.359363847014706 -3.4629794697583054 -0.16935761474401217 0.6617528721985678 -1.2669218731865508 0.29719363231493856 0.3238908756228811 -0.8422074753308869 -0.7443112826117846
121 3872 0.17528846561617079 0 -79.97929041382594 1.6661837156591819 0.6097300856451914 -1.2133457834225105 0.1450553993315199 0.8752001650467213 -0.5775227322956002 1.8330435803984333 -3.417853369302115 -0.13490146126972255 0.7220809058239657 -1.0090821947735353 0.2916579163246171 0.40049689265884303 -1.1872461798108664 -0.8446332498715116
131 4192 0.15532768896257776 0 -86.6591979371457 1.4152516290269546 0.6924216498557566 -1.1917075853758534 0.0446849192861616 0.7342594872642462 -0.6522868324376265 2.1923108793305266 -2.535923552212505 -0.2858392476522644 0.6420559718832326 -1.0838938900504438 0.30189986442620687 0.3675012378338192 -0.49134822225032654 -0.803350888615823
141 4512 0.13699378011275348 0 -54.028784429024526 1.7228361440305466 0.8004993111480994 -1.3792721346604255 0.10781262889048454 0.8743014530360277 -0.7778756550431095 1.969939039175549 -2.5562701287781513 -0.1475840818426177 0.6108886134660915 -1.0953853696499931 0.2604833278428828 0.4626278177066601 -0.6892953607016259 -0.9698030084930899
151 4832 0.12826240478158848 0 -85.88784070806872 1.426820275369465 0.6772288825804627 -1.401427118345828 0.07034048298075145 1.005307894847307 -0.9557927124991389 2.129056696070072 -2.75404215776985 -0.18359033446493858 0.6843545032921706 -1.060666978612709 0.24434243776053363 0.4031710126253202 -0.6884958713912095 -1.1953572762678155
161 5152 0.12129667409026294 0 -89.00344096521414 1.8207283154729608 0.6330066288818497 -1.210457685561273 0.15715286402936537 0.9951896761009223 -0.8121015746537146 2.199256481635355 -2.9269590012258426 -0.12437893075617568 0.692181159993709 -1.3253082199172077 0.2065040695480463 0.43963021254326307 -0.7044561155516675 -1.0097089373699373
171 5472 0.11442990476395407 0 -87.5820318189115 1.6947116436051475 0.7176859084474482 -1.4713057772219034 0.10066260926798089 0.9752469564090731 -0.8382401978432846 2.258064076384748 -2.5526944914069674 -0.033763615099097255 0.7229207257564485 -1.492534416584805 0.3824661059479415 0.43015739213070214 -0.6336093933108565 -1.0319378102590506
181 5792 0.13030553477668919 0 -85.24259695549465 1.9704069894777616 0.6851103563348754 -1.1617902381890302 0.1610214895364969 0.954262642536489 -0.6601589438225897 2.4310796974015654 -3.0033710323294835 -0.14418678967857396 0.664714004827705 -1.6084262328377632 0.3462466389264866 0.34544134776885155 -0.5688371679300828 -0.8639447811193905
191 6112 0.1307851685477426 0 -88.384574581513 1.8181750857336263 0.7667858558302793 -1.4622750970865142 0.1422278650072778 1.042092732440584 -0.7050106621364581 2.4830122666350865 -2.7315334160745754 -0.16950530990395166 0.7248225870950282 -1.6853402821404049 0.36030495522496075 0.25132249642799503 -0.5630785870906292 -1.0221420619537074
201 6432 0.11850717096118754 0 -87.58235234044474 1.8076501654585653 0.6332618042436623 -1.415396326470837 0.10656684475757829 0.8691386136299095 -0.5541730034355338 2.3556756810481843 -2.661410990910067 -0.1496103411011004 0.7413042622576332 -1.767362343221625 0.4279528248365131 0.3001065900869618 -0.44215685254957265 -0.9319779665684733
211 6752 0.11546803311922685 0 -87.27735154642019 1.7347959816440095 0.6345548575725769 -1.2809056454056846 0.13782708095239246 0.922630645089381 -0.596446039373687 2.380370454543414 -2.9599984681619937 -0.23872456343348525 0.6856527070898996 -1.6731638192738887 0.40911765303078795 0.27326104427277054 -0.5558414837764581 -0.8036177288655104
221 7072 0.10002155640784084 0 -89.01621812876436 1.9784038859783444 0.7001127869598406 -1.2244816757462593 0.10536753158699343 1.0262283017710347 -0.5139940304694954 2.6327316846492583 -2.837934248343856 -0.18617472228851809 0.6709148608766088 -2.012464445002143 0.3644558348340543 0.28246820183747945 -0.4695441707744065 -0.6820917591606718
231 7392 0.09595296438516071 0 -92.09856382712826 1.8205635049965112 0.6927674932143286 -1.2003011408550122 0.13588942197776435 0.9338950398734234 -0.538650149271754 2.4807778316791844 -2.871512558931729 -0.28958912120269864 0.6659627508552883 -1.6760774401990948 0.4175685456469092 0.2033080617923022 -0.6118545287824029 -0.6551727778704592
241 7712 0.09850008091028971 0 -89.23979975478005 1.7291816750017421 0.7110587343600324 -1.2187179210707084 0.1327743164560491 0.9180084071723738 -0.5983351649478676 2.266808294284578 -2.8376962779315607 -0.2947607450973962 0.6675950782556712 -1.516449634131938 0.37908753109730003 0.27382986560473993 -0.6508734430518677 -0.8045325574906493
251 8032 0.09639592347889671 0 -87.80568618192257 1.6231770428652248 0.6795175811174231 -1.312827677141996 0.10429294086728076 0.8589812625834362 -0.6645385200037612 2.2841187164413137 -2.879012436165561 -0.319390284944809 0.6934494534861508 -1.6959448154570391 0.40818632218785156 0.25384544280790683 -0.4838263989514928 -0.7549971210795544
261 8352 0.091548189699352 0 -86.61963900907904 1.4718530331913073 0.6842325785019502 -1.3233433031205772 0.10660006800190859 0.8831754607324921 -0.9166388697278764 2.1302018216303895 -2.8981124981208097 -0.3242536650701746 0.7231524443368152 -1.4478774857722114 0.3915464545960047 0.29606268314631534 -0.5630376870123912 -0.8321347889494168
271 8672 0.11488241612133979 0 -85.01286395589847 1.591169556384764 0.6819205429410793 -0.9238918352129133 0.10754206085556826 0.926538913904366 -0.9766881685864611 1.9124276024524067 -3.209206682595297 -0.2672631093732537 0.6300459932251137 -1.323106484757001 0.29737039716044217 0.3370741301206585 -0.6413118060912889 -0.7424872122954815
281 8992 0.12770746516957118 0 -84.48776116787178 1.477890934280889 0.6935803798809999 -1.0135174266473597 0.1637932043104897 0.9272018954439656 -1.1495431811072803 2.0425442081453995 -3.402145144157008 -0.30694155899262365 0.6748618567254636 -1.5109303720649665 0.42305953379267114 0.2914775837250138 -0.6098868880009098 -0.6881548432165493
291 9312 0.1366323295470671 0 -86.78458094288668 1.5164558186650614 0.6924308476255105 -1.1085427635002907 0.09082437014486368 0.8865310998932905 -0.9470885080883966 2.1866618501763586 -3.1067321490934527 -0.3805353680965338 0.712311840292125 -1.6159473873507373 0.3212631615144011 0.273638911938772 -0.32984100779675063 -0.6762609867327172
301 9632 0.13531358994512835 0 -89.07029835299355 1.7705952908220843 0.7023071954724985 -1.0122905173669439 0.16993416617533919 0.933392772758433 -0.9157991026516162 2.1389122721620843 -3.064504045232803 -0.2598351363078359 0.7066921719805548 -1.9267250997834082 0.3385565159326693 0.2863516193365322 -0.24972369732136926 -0.750841915269487
311 9952 0.1279136609527687 0 -92.93007108504173 1.7135511454747083 0.681799742701493 -1.2785470652001005 0.1352422583333052 0.9037268968112943 -0.8498957957364878 2.298164426889495 -2.838399724690944 -0.31440989321273694 0.7347676189275257 -1.8855569764921185 0.33978993825075005 0.25559387353364765 -0.29088320850607624 -0.8143788381169534
321 10272 0.12920525901929958 0 -86.94865483316559 1.6542547255857396 0.6468877049408461 -1.2116083800322328 0.10653067761646842 0.8716324966699409 -1.0100276684411698 2.3195676420947553 -3.0977726055618495 -0.327948326204737 0.7682000233267745 -1.8336587604189418 0.361921456635808 0.2699163996396993 -0.21217455973360463 -0.7401652541611149
331 10592 0.12926767099416356 0 -89.04347684265088 1.6074316045236092 0.6926207712363515 -1.2009990011497 0.11704036669486509 0.8773297009004403 -0.9892414052597427 2.2640345283342165 -2.8080400944986894 -0.311352451522622 0.7776025858504031 -1.8521936698737687 0.3692409379467636 0.2503645760117238 -0.05767758700912251 -0.8423870711314199
341 10912 0.11496147402949689 0 -86.82871616033839 1.7336022177494785 0.6843463611359795 -1.3020212957603714 0.11480597863637454 0.898174969216573 -0.8355309818563627 2.3834363894411523 -2.68262836157688 -0.37347361237451643 0.7641696634915364 -1.9228578388837712 0.3384659285993692 0.23584952749539492 -0.2113397133621724 -0.8018131417707726
351 11232 0.10645406605495682 0 -87.55476764142773 1.5720063310363752 0.6705449430310084 -1.2030577376976042 0.08110338442114569 0.9368446652890888 -1.1047663812377395 2.189860630799247 -2.9942219476861998 -0.38918316918588397 0.7719094906611446 -1.7865099072479431 0.26692474365462876 0.2791625276278881 -0.30420829582742653 -0.9184645887438336
361 11552 0.10957718127807209 0 -84.75879292164143 1.736733294000126 0.6655551493591794 -1.2966964875752347 0.047064553581314075 0.8520581529746899 -0.8154722745983555 2.4223581298735395 -2.66730379938563 -0.39606126631082716 0.7941308454133325 -2.304976074692159 0.29774785471888565 0.20692863704481043 0.020773449193244656 -0.873605118137062
371 11872 0.10987822364301425 0 -85.74769392492834 1.643234690506441 0.6714621098552328 -1.2642781145177966 0.10560701714112075 0.8592498655059129 -1.0101825875455235 2.249916959523427 -2.6340254578167475 -0.3867908567198134 0.7871233581786551 -2.0274979361221206 0.3830657144516221 0.1802593283388769 -0.05101257224628635 -0.9759624002184757
381 12192 0.11359673133485358 0 -89.74503983485604 1.4244101251114512 0.6958858722149438 -1.385122748690176 0.03239859637887476 0.8686768818964389 -1.0528830087804524 2.1984366643271542 -2.7742534756280204 -0.46891174652073975 0.7956345290742987 -2.068571989931223 0.27202053445404695 0.21569736792894223 0.01865042373772806 -1.0705111588743004
391 12512 0.12408376317058271 0 -90.70206085867127 1.661874327558403 0.7008899073800231 -1.3663740175786363 0.06637648363452586 0.8434530312495395 -0.9097887104810928 2.274578605988135 -2.8205454317021252 -0.44475414862445917 0.7635685851169762 -2.096980010956168 0.29792355366378365 0.24735743302507474 -0.0667238379435335 -0.8798705856975013
401 12832 0.11483363108791711 0 -88.2543269806584 1.622169517506407 0.6897482713709793 -1.315775866009953 0.12028286473962899 0.9266161858704549 -1.1307618507682629 2.223069058842108 -2.7542837852762467 -0.3990936863112704 0.8147322480185776 -1.771715394219135 0.38020602211599985 0.20069478979389638 -0.23065335588979177 -0.9745200066378688
411 13152 0.1290518795228418 0 -87.443913401515 1.438363765391523 0.729518896037509 -1.3333953142916262 0.08865767269422184 0.917969634942918 -1.1119129472973839 2.0997880094175154 -2.7531975996498517 -0.42684531370333023 0.7896222669195632 -1.563393757974748 0.33305294944596436 0.23431392479491955 -0.3450482670250136 -1.065983027285587
421 13472 0.11624697896716622 0 -88.8005457600453 1.5739775872533615 0.6578699542814852 -1.31494030374296 0.13507664211537299 0.8837475898239842 -1.1398191444838193 2.16158514307648 -2.7881741989750153 -0.3899993188512521 0.821867871478556 -1.5883622015301146 0.40379778998290433 0.2350523327855624 -0.2982524739819151 -0.9123150209009269
431 13792 0.09285959927151 0 -87.53178630153403 1.5952976279335684 0.6669946678466813 -1.2997851699078302 0.10670388250465815 0.8615732202543392 -1.0943510309858944 2.1686383767678223 -2.738752916779993 -0.43221553377157373 0.8062201195706435 -1.6947316724382375 0.3865862191844442 0.22240748904827137 -0.1946029717969086 -0.9256569730005864
441 14112 0.08017696384199297 0 -87.41388165841894 1.717034438234309 0.682206310293102 -1.1869386174960617 0.14822875087352586 0.8740928653864263 -1.0885521435416947 2.140533871434289 -2.848179507885365 -0.3731902949454131 0.7721805500414639 -1.6127821570923673 0.40769527833790187 0.2381272263813716 -0.3224915325654654 -0.8589550860572841
451 14432 0.08605149209546786 0 -86.75104438404117 1.7846321063622492 0.6879698661352993 -1.3450196616987402 0.11662259047275306 0.9242454894477434 -1.0985162463901292 2.471308895311401 -2.7967053553360244 -0.4084984865665013 0.8304094928790657 -1.811443134173783 0.4141943364393831 0.2412931573220857 -0.3408199218097949 -0.6968310275774681
461 14752 0.07211767613044567 0 -88.18332826053428 1.7501846386701356 0.6756206914989351 -1.1842613781603353 0.1420030560700621 0.9139763312722231 -1.1460782342550961 2.246344665510852 -2.9135427146368147 -0.3744370560794775 0.7934070114490903 -1.6807728009641698 0.3999107729928047 0.24023332458886903 -0.33110975039171947 -0.7912337201303067
471 15072 0.0971739160027708 0 -91.65072949873232 1.7522353418475212 0.6847206412006945 -1.311124176298791 0.1522297175176844 0.905755631196898 -1.0106026492589963 2.31117035871842 -2.75385359405241 -0.3492349607105364 0.7962919766542929 -1.4611385737088631 0.4448105961783257 0.24674195565127244 -0.473311345799541 -0.7644500717031237
481 15392 0.0846978828771245 0 -87.8160358378355 1.6722269674545551 0.669851093653474 -1.360768798404105 0.11615347746023938 0.9032962075391572 -1.1345222100102275 2.394269476254555 -2.8788007694844735 -0.42638893644480413 0.8217712281271414 -1.7690350775044021 0.4328232369670744 0.23165656595003986 -0.34517181713430384 -0.7089230292200953
491 15712 0.08444710917134607 0 -85.56552760972605 1.6055327580963374 0.675066984693896 -1.2941954111006315 0.14700726725380714 0.9046685999006778 -1.1627789995063178 2.1713847206763712 -2.8616899965518083 -0.3760370802253154 0.8009284524364397 -1.4306362769280416 0.4338545327676599 0.2544181783965932 -0.43973725109581163 -0.7949000841834813
501 16032 0.09335460744737994 0 -90.15687174687305 1.6276070028391278 0.6813835034547051 -1.3469619848696446 0.12765230217887452 0.92132180653953 -1.1473606448385096 2.312052038392749 -2.942610535236101 -0.40094574340535305 0.8049826310079155 -1.5398642811786867 0.4288380970534286 0.2566044147354237 -0.4723875080604368 -0.7088637506226346
511 16352 0.10520036095067795 0 -89.1091652327789 1.491533068591657 0.7126669835263756 -1.5500753527393882 0.07668007032720847 0.91477912600566 -1.051167796980503 2.340838936473042 -2.810478485663874 -0.4323610889254064 0.8077739385266637 -1.2350649239733518 0.37670567332380817 0.3281447486850786 -0.5935645246802478 -0.709766245487883
521 16672 0.09937917044143534 0 -92.06191344961607 1.3889134540176389 0.6821886433345882 -1.5319653968099882 0.09051379260244531 0.9164280027661085 -1.105517928853057 2.216089162086783 -2.927176852603769 -0.4378739718791662 0.8001776781128229 -1.1116978906942014 0.3816238047918063 0.31298404900581983 -0.6438517651379059 -0.7612145444130387
531 16992 0.0768769648171029 0 -86.51691397179525 1.535257794062066 0.6959868347858127 -1.5081345229704681 0.09777090071533072 0.8972073793572182 -1.0234025453696494 2.3042433985416904 -2.85401066833543 -0.41843094573869716 0.7928510645275973 -1.2319739477887177 0.3955740471505034 0.31487942205313785 -0.6115136820637037 -0.7132261192515778
541 17312 0.07614506416399801 0 -83.74110720534142 1.4498934369628054 0.6924221545036445 -1.507673764084559 0.09903127093285144 0.924345978505242 -1.0529986927352581 2.2871678143938206 -2.879664808186933 -0.43140912231885925 0.803500031892316 -1.0760341392909545 0.39180581306261125 0.3111101893966441 -0.7017345146247627 -0.7070185845135525
551 17632 0.07841576709712514 0 -89.39840739110605 1.3645029810045972 0.707493985071994 -1.5042490949073708 0.10576584680478268 0.9108942328667796 -1.12708193531724 2.191125141971107 -2.806472411683459 -0.46424720159800403 0.8125651989069931 -1.0495782951486068 0.40510166124666586 0.27392063633393254 -0.6686748953663239 -0.8518294486705031
561 17952 0.10547413807151797 0 -88.74277239418987 1.3704102132533038 0.7052496802325415 -1.5756565504030908 0.10527849366612063 0.9128514032159076 -1.1271206350687837 2.2030605507643455 -2.864626337355948 -0.4713920993187739 0.8207475342660383 -0.9651708818603992 0.3961338008851095 0.3340630605823478 -0.7273250388755871 -0.6856612069858893
571 18272 0.12683181158192047 0 -89.6873654730415 1.2724641542173911 0.7041915136975977 -1.599122416836558 0.09403334330968713 0.8967485801323531 -1.1095796091005856 2.1882161582787356 -2.898982241785189 -0.5072332044611387 0.8146370606554972 -0.8841790280068258 0.4061922716711895 0.30374062327392654 -0.7774350803482747 -0.7398437675814564
581 18592 0.12982317514304637 0 -81.08994756658652 1.2314242668555049 0.717576202648228 -1.490491010649432 0.10212964637206944 0.9572472151401759 -1.2469826486374176 1.994147644073748 -2.952141907473948 -0.4266895467610659 0.7962059373445093 -0.644664880745464 0.3856007940039726 0.34462761517235824 -0.8766056504609749 -0.8826482198046992
591 18912 0.10597076118507555 0 -87.58484321722058 1.2968178310959202 0.7073968354745567 -1.625071973558731 0.11342234698796856 0.9291894639977606 -1.131490083233441 2.0841760810778096 -2.8723759344218225 -0.4303520929136451 0.8192902578089662 -0.639713808216148 0.38836799799282457 0.37794259885995257 -0.8589155674245924 -0.7620181280239251
601 19232 0.10179779811545384 0 -85.78213261018254 1.2249368898499968 0.7122692501139083 -1.5483091681549286 0.10903342315446386 0.9378834104109263 -1.1885910488268885 1.8567658832961307 -2.8793979121586686 -0.4258450021030302 0.7979127545507315 -0.5938946484465838 0.3254657110909176 0.3915514272651333 -0.8236553986877403 -0.9034769149012543
605 19360 0.09295784451848313 0 -90.49516039964006 1.4113719841620485 0.722386405661253 -1.5246242899747042 0.11477598063440934 0.9418014991818567 -1.0908322942932802 2.005358942693676 -2.8555990685898065 -0.4003274298730409 0.7929725594529647 -0.7332914976765615 0.3484015428073841 0.3944565284031362 -0.8474376230436577 -0.7942369649401145
